Vernier Format 2
penn3.txt 4/16/117 15:24:48
Run 1
Time	Temperature	
T	T	
s	°C	

0	0.9	
1	0.8	
2	0.8	
3	0.8	
4	0.8	
5	0.8	
6	0.8	
7	0.8	
8	0.8	
9	0.8	
10	0.8	
11	0.8	
12	0.8	
13	0.8	
14	0.8	
15	0.8	
16	0.8	
17	0.8	
18	0.9	
19	0.8	
20	0.9	
21	0.7	
22	0.9	
23	0.8	
24	0.8	
25	0.9	
26	0.7	
27	0.8	
28	0.7	
29	0.7	
30	0.7	
31	0.7	
32	0.6	
33	0.7	
34	0.8	
35	0.8	
36	0.8	
37	0.8	
38	0.8	
39	0.8	
40	0.8	
41	0.8	
42	0.8	
43	0.8	
44	0.9	
45	0.9	
46	0.8	
47	0.9	
48	0.8	
49	0.9	
50	0.9	
51	0.9	
52	0.9	
53	1.0	
54	0.9	
55	1.1	
56	1.0	
57	1.1	
58	1.0	
59	0.9	
60	0.9	
61	0.9	
62	0.9	
63	0.9	
64	0.9	
65	0.9	
66	0.9	
67	0.9	
68	0.9	
69	0.9	
70	0.9	
71	0.9	
72	0.9	
73	0.9	
74	0.9	
75	0.9	
76	0.9	
77	0.9	
78	0.9	
79	0.9	
80	0.9	
81	0.9	
82	0.9	
83	0.9	
84	0.9	
85	0.9	
86	0.9	
87	0.9	
88	0.9	
89	0.9	
90	0.9	
91	1.0	
92	0.9	
93	1.0	
94	1.0	
95	0.9	
96	1.0	
97	1.0	
98	1.0	
99	1.0	
100	1.0	
101	1.0	
102	1.0	
103	1.0	
104	1.0	
105	1.0	
106	1.0	
107	1.0	
108	1.0	
109	1.0	
110	1.0	
111	1.0	
112	1.0	
113	1.0	
114	1.0	
115	1.0	
116	1.0	
117	1.0	
118	1.0	
119	1.1	
120	1.0	
121	1.1	
122	1.1	
123	1.1	
124	1.1	
125	1.1	
126	1.1	
127	1.1	
128	1.1	
129	1.1	
130	1.1	
131	1.1	
132	1.1	
133	1.1	
134	1.1	
135	1.1	
136	1.1	
137	1.1	
138	1.1	
139	1.1	
140	1.1	
141	1.1	
142	1.1	
143	1.1	
144	1.1	
145	1.1	
146	1.2	
147	1.2	
148	1.2	
149	1.2	
150	1.2	
151	1.2	
152	1.3	
153	1.4	
154	1.4	
155	1.3	
156	1.3	
157	1.4	
158	1.3	
159	1.4	
160	1.3	
161	1.3	
162	1.3	
163	1.3	
164	1.3	
165	1.2	
166	1.3	
167	1.3	
168	1.3	
169	1.2	
170	1.3	
171	1.2	
172	1.2	
173	1.3	
174	1.2	
175	1.2	
176	1.2	
177	1.3	
178	1.3	
179	1.3	
180	1.3	
181	1.3	
182	1.2	
183	1.2	
184	1.2	
185	1.2	
186	1.3	
187	1.3	
188	1.3	
189	1.3	
190	1.3	
191	1.3	
192	1.3	
193	1.3	
194	1.3	
195	1.3	
196	1.3	
197	1.3	
198	1.3	
199	1.3	
200	1.3	
201	1.4	
202	1.3	
203	1.4	
204	1.4	
205	1.4	
206	1.4	
207	1.4	
208	1.4	
209	1.5	
210	1.5	
211	1.5	
212	1.5	
213	1.6	
214	1.5	
215	1.5	
216	1.5	
217	1.5	
218	1.4	
219	1.4	
220	1.5	
221	1.5	
222	1.4	
223	1.5	
224	1.4	
225	1.4	
226	1.5	
227	1.5	
228	1.4	
229	1.5	
230	1.5	
231	1.5	
232	1.5	
233	1.5	
234	1.5	
235	1.5	
236	1.5	
237	1.5	
238	1.4	
239	1.5	
240	1.4	
241	1.5	
242	1.5	
243	1.5	
244	1.5	
245	1.5	
246	1.6	
247	1.5	
248	1.5	
249	1.6	
250	1.6	
251	1.5	
252	1.6	
253	1.6	
254	1.6	
255	1.6	
256	1.6	
257	1.6	
258	1.6	
259	1.6	
260	1.7	
261	1.7	
262	1.7	
263	1.6	
264	1.6	
265	1.6	
266	1.6	
267	1.6	
268	1.6	
269	1.6	
270	1.6	
271	1.6	
272	1.6	
273	1.6	
274	1.6	
275	1.6	
276	1.6	
277	1.6	
278	1.6	
279	1.6	
280	1.6	
281	1.6	
282	1.6	
283	1.7	
284	1.7	
285	1.7	
286	1.7	
287	1.7	
288	1.7	
289	1.7	
290	1.7	
291	1.7	
292	1.7	
293	1.7	
294	1.7	
295	1.7	
296	1.7	
297	1.7	
298	1.7	
299	1.7	
300	1.7	
301	1.7	
302	1.7	
303	1.8	
304	1.8	
305	1.9	
306	1.9	
307	1.9	
308	1.9	
309	1.9	
310	2.0	
311	1.9	
312	1.8	
313	1.8	
314	1.8	
315	1.8	
316	1.8	
317	1.8	
318	1.8	
319	1.8	
320	1.8	
321	1.8	
322	1.8	
323	1.8	
324	1.8	
325	1.9	
326	1.8	
327	1.8	
328	1.9	
329	1.8	
330	1.9	
331	1.8	
332	1.8	
333	1.8	
334	1.8	
335	1.9	
336	1.8	
337	1.8	
338	1.8	
339	1.9	
340	1.9	
341	1.9	
342	1.9	
343	1.8	
344	1.8	
345	1.8	
346	1.8	
347	1.9	
348	1.9	
349	1.9	
350	1.9	
351	2.0	
352	2.0	
353	2.0	
354	1.9	
355	2.0	
356	2.0	
357	2.0	
358	2.0	
359	2.0	
360	2.0	
361	2.1	
362	2.1	
363	2.1	
364	2.1	
365	2.1	
366	2.1	
367	2.0	
368	2.0	
369	2.0	
370	2.0	
371	2.0	
372	2.0	
373	2.0	
374	2.0	
375	2.0	
376	2.0	
377	2.0	
378	2.0	
379	2.0	
380	2.0	
381	2.0	
382	2.0	
383	2.0	
384	2.0	
385	2.0	
386	2.0	
387	2.0	
388	2.1	
389	2.1	
390	2.1	
391	2.1	
392	2.1	
393	2.1	
394	2.0	
395	2.0	
396	2.0	
397	2.0	
398	2.0	
399	2.0	
400	2.0	
401	2.1	
402	2.1	
403	2.1	
404	2.1	
405	2.1	
406	2.1	
407	2.1	
408	2.1	
409	2.1	
410	2.1	
411	2.1	
412	2.1	
413	2.1	
414	2.1	
415	2.1	
416	2.2	
417	2.2	
418	2.2	
419	2.2	
420	2.3	
421	2.3	
422	2.3	
423	2.2	
424	2.2	
425	2.2	
426	2.2	
427	2.2	
428	2.2	
429	2.2	
430	2.2	
431	2.2	
432	2.2	
433	2.2	
434	2.2	
435	2.2	
436	2.2	
437	2.2	
438	2.2	
439	2.2	
440	2.2	
441	2.1	
442	2.1	
443	2.1	
444	2.2	
445	2.2	
446	2.2	
447	2.1	
448	2.2	
449	2.2	
450	2.3	
451	2.3	
452	2.3	
453	2.3	
454	2.3	
455	2.3	
456	2.3	
457	2.3	
458	2.3	
459	2.3	
460	2.3	
461	2.3	
462	2.4	
463	2.4	
464	2.3	
465	2.3	
466	2.3	
467	2.4	
468	2.3	
469	2.4	
470	2.4	
471	2.4	
472	2.4	
473	2.4	
474	2.3	
475	2.3	
476	2.4	
477	2.4	
478	2.4	
479	2.4	
480	2.4	
481	2.4	
482	2.4	
483	2.4	
484	2.4	
485	2.6	
486	2.6	
487	2.6	
488	2.5	
489	2.5	
490	2.4	
491	2.4	
492	2.4	
493	2.4	
494	2.4	
495	2.4	
496	2.4	
497	2.4	
498	2.4	
499	2.4	
500	2.4	
501	2.4	
502	2.4	
503	2.4	
504	2.4	
505	2.4	
506	2.4	
507	2.4	
508	2.4	
509	2.4	
510	2.4	
511	2.5	
512	2.4	
513	2.5	
514	2.5	
515	2.5	
516	2.5	
517	2.5	
518	2.5	
519	2.5	
520	2.4	
521	2.4	
522	2.4	
523	2.4	
524	2.4	
525	2.4	
526	2.4	
527	2.4	
528	2.5	
529	2.5	
530	2.4	
531	2.5	
532	2.5	
533	2.5	
534	2.4	
535	2.5	
536	2.5	
537	2.5	
538	2.4	
539	2.6	
540	2.6	
541	2.6	
542	2.6	
543	2.6	
544	2.6	
545	2.6	
546	2.6	
547	2.6	
548	2.6	
549	2.6	
550	2.6	
551	2.6	
552	2.6	
553	2.6	
554	2.7	
555	2.7	
556	2.7	
557	2.7	
558	2.7	
559	2.7	
560	2.7	
561	2.7	
562	2.7	
563	2.8	
564	2.8	
565	2.8	
566	2.8	
567	2.8	
568	2.8	
569	2.8	
570	2.8	
571	2.8	
572	2.8	
573	2.8	
574	2.7	
575	2.7	
576	2.7	
577	2.7	
578	2.7	
579	2.7	
580	2.7	
581	2.7	
582	2.7	
583	2.7	
584	2.7	
585	2.7	
586	2.7	
587	2.7	
588	2.7	
589	2.7	
590	2.7	
591	2.7	
592	2.7	
593	2.7	
594	2.7	
595	2.7	
596	2.7	
597	2.7	
598	2.7	
599	2.8	
600	2.8	
601	2.8	
602	2.8	
603	2.8	
604	2.8	
605	2.8	
606	2.8	
607	2.8	
608	2.8	
609	2.8	
610	2.8	
611	2.8	
612	2.8	
613	2.8	
614	2.8	
615	2.8	
616	2.8	
617	2.8	
618	2.9	
619	2.9	
620	2.8	
621	2.9	
622	2.9	
623	2.9	
624	2.9	
625	2.8	
626	2.9	
627	2.9	
628	2.9	
629	2.9	
630	2.9	
631	2.9	
632	2.9	
633	2.9	
634	2.9	
635	2.9	
636	2.9	
637	2.9	
638	2.9	
639	3.0	
640	3.0	
641	2.9	
642	2.9	
643	3.0	
644	3.0	
645	3.0	
646	3.0	
647	3.0	
648	3.0	
649	3.0	
650	3.0	
651	3.0	
652	3.0	
653	3.0	
654	3.0	
655	3.0	
656	3.0	
657	3.0	
658	3.0	
659	3.0	
660	3.0	
661	3.0	
662	3.0	
663	3.0	
664	3.0	
665	3.0	
666	3.0	
667	3.0	
668	3.0	
669	3.0	
670	3.0	
671	3.0	
672	3.0	
673	3.0	
674	3.1	
675	3.3	
676	3.2	
677	3.2	
678	3.4	
679	3.0	
680	3.2	
681	3.0	
682	3.1	
683	3.0	
684	3.1	
685	3.1	
686	3.0	
687	3.0	
688	3.1	
689	3.1	
690	3.1	
691	3.1	
692	3.0	
693	3.0	
694	3.1	
695	3.0	
696	3.2	
697	3.2	
698	3.1	
699	3.1	
700	3.2	
701	3.1	
702	3.2	
703	3.2	
704	3.2	
705	3.2	
706	3.2	
707	3.4	
708	3.3	
709	3.3	
710	3.3	
711	3.2	
712	3.2	
713	3.3	
714	3.3	
715	3.3	
716	3.3	
717	3.3	
718	3.3	
719	3.3	
720	3.2	
721	3.3	
722	3.3	
723	3.4	
724	3.3	
725	3.5	
726	3.4	
727	3.5	
728	3.3	
729	3.5	
730	3.5	
731	3.5	
732	3.5	
733	3.5	
734	3.5	
735	3.5	
736	3.5	
737	3.7	
738	3.7	
739	3.7	
740	3.7	
741	3.5	
742	3.6	
743	3.7	
744	3.6	
745	3.7	
746	3.7	
747	3.7	
748	3.7	
749	3.7	
750	3.7	
751	3.7	
752	3.8	
753	3.7	
754	3.7	
755	3.7	
756	3.7	
757	3.8	
758	3.9	
759	3.9	
760	4.1	
761	3.9	
762	4.0	
763	3.9	
764	4.1	
765	3.9	
766	4.1	
767	4.1	
768	4.1	
769	4.1	
770	4.1	
771	4.2	
772	4.2	
773	4.2	
774	4.2	
775	4.2	
776	4.2	
777	4.3	
778	4.3	
779	4.4	
780	4.4	
781	4.5	
782	4.5	
783	4.5	
784	4.6	
785	4.6	
786	4.7	
787	4.6	
788	4.5	
789	4.7	
790	4.7	
791	4.6	
792	4.6	
793	4.7	
794	4.7	
795	4.7	
796	4.8	
797	4.8	
798	4.8	
799	4.8	
800	4.8	
801	4.8	
802	4.9	
803	4.9	
804	5.0	
805	5.0	
806	5.0	
807	5.0	
808	4.9	
809	5.0	
810	5.0	
811	5.1	
812	5.1	
813	5.2	
814	5.3	
815	5.2	
816	5.5	
817	5.5	
818	5.2	
819	5.4	
820	5.4	
821	5.5	
822	5.5	
823	5.5	
824	5.5	
825	5.6	
826	5.6	
827	5.6	
828	5.7	
829	5.7	
830	5.9	
831	5.9	
832	6.0	
833	5.9	
834	6.0	
835	5.9	
836	5.9	
837	5.9	
838	6.0	
839	6.1	
840	6.1	
841	6.1	
842	6.1	
843	6.1	
844	6.1	
845	6.2	
846	6.2	
847	6.3	
848	6.3	
849	6.3	
850	6.4	
851	6.4	
852	6.4	
853	6.5	
854	6.5	
855	6.5	
856	6.5	
857	6.5	
858	6.6	
859	6.5	
860	6.7	
861	6.7	
862	6.7	
863	6.8	
864	6.8	
865	6.9	
866	6.9	
867	7.0	
868	6.9	
869	6.9	
870	7.0	
871	7.2	
872	7.0	
873	7.2	
874	7.2	
875	7.2	
876	7.2	
877	7.2	
878	7.3	
879	7.4	
880	7.4	
881	7.4	
882	7.4	
883	7.5	
884	7.5	
885	7.5	
886	7.6	
887	7.7	
888	7.8	
889	7.8	
890	7.8	
891	8.0	
892	7.7	
893	7.8	
894	7.9	
895	7.9	
896	7.9	
897	7.9	
898	8.0	
899	8.0	
900	8.1	
901	8.0	
902	8.1	
903	8.1	
904	8.2	
905	8.2	
906	8.2	
907	8.3	
908	8.3	
909	8.4	
910	8.4	
911	8.4	
912	8.3	
913	8.5	
914	8.5	
915	8.5	
916	8.5	
917	8.6	
918	8.6	
919	8.6	
920	8.7	
921	8.7	
922	8.8	
923	8.8	
924	8.8	
925	8.9	
926	8.9	
927	9.0	
928	9.0	
929	9.0	
930	9.1	
931	9.1	
932	9.1	
933	9.2	
934	9.2	
935	9.2	
936	9.3	
937	9.3	
938	9.3	
939	9.4	
940	9.4	
941	9.5	
942	9.5	
943	9.5	
944	9.5	
945	9.6	
946	9.6	
947	9.6	
948	9.7	
949	9.7	
950	9.8	
951	9.8	
952	9.7	
953	9.9	
954	9.9	
955	10.0	
956	10.0	
957	10.0	
958	10.0	
959	10.1	
960	10.1	
961	10.2	
962	10.2	
963	10.3	
964	10.3	
965	10.4	
966	10.4	
967	10.4	
968	10.5	
969	10.5	
970	10.5	
971	10.6	
972	10.6	
973	10.6	
974	10.6	
975	10.7	
976	10.8	
977	10.8	
978	10.9	
979	10.9	
980	10.9	
981	11.0	
982	11.0	
983	11.0	
984	11.1	
985	11.1	
986	11.1	
987	11.2	
988	11.3	
989	11.3	
990	11.3	
991	11.5	
992	11.4	
993	11.5	
994	11.4	
995	11.5	
996	11.5	
997	11.7	
998	11.7	
999	11.8	
1000	11.8	
1001	11.8	
1002	11.9	
1003	11.8	
1004	11.8	
1005	11.9	
1006	11.9	
1007	11.9	
1008	12.0	
1009	12.0	
1010	12.1	
1011	12.1	
1012	12.1	
1013	12.2	
1014	12.2	
1015	12.2	
1016	12.3	
1017	12.3	
1018	12.4	
1019	12.5	
1020	12.6	
1021	12.6	
1022	12.6	
1023	12.6	
1024	12.7	
1025	12.6	
1026	12.7	
1027	12.7	
1028	12.8	
1029	12.8	
1030	12.8	
1031	12.9	
1032	12.8	
1033	12.9	
1034	12.9	
1035	12.9	
1036	13.0	
1037	13.0	
1038	13.0	
1039	13.1	
1040	13.1	
1041	13.2	
1042	13.2	
1043	13.2	
1044	13.3	
1045	13.3	
1046	13.2	
1047	13.3	
1048	13.4	
1049	13.4	
1050	13.6	
1051	13.7	
1052	13.6	
1053	13.7	
1054	13.7	
1055	13.7	
1056	13.8	
1057	13.8	
1058	13.8	
1059	13.8	
1060	13.9	
1061	13.9	
1062	13.9	
1063	14.0	
1064	14.0	
1065	14.1	
1066	14.1	
1067	14.3	
1068	14.3	
1069	14.4	
1070	14.3	
1071	14.2	
1072	14.3	
1073	14.3	
1074	14.4	
1075	14.5	
1076	14.5	
1077	14.5	
1078	14.5	
1079	14.5	
1080	14.6	
1081	14.6	
1082	14.7	
1083	14.7	
1084	14.7	
1085	14.7	
1086	14.6	
1087	14.7	
1088	14.8	
1089	14.9	
1090	14.9	
1091	14.9	
1092	14.9	
1093	15.0	
1094	15.0	
1095	15.1	
1096	15.1	
1097	15.1	
1098	15.2	
1099	15.2	
1100	15.2	
1101	15.3	
1102	15.3	
1103	15.4	
1104	15.5	
1105	15.6	
1106	15.6	
1107	15.7	
1108	15.6	
1109	15.5	
1110	15.5	
1111	15.6	
1112	15.7	
1113	15.7	
1114	15.7	
1115	15.8	
1116	15.8	
1117	15.8	
1118	15.8	
1119	15.9	
1120	15.9	
1121	15.9	
1122	16.0	
1123	16.0	
1124	16.0	
1125	16.1	
1126	16.1	
1127	16.1	
1128	16.1	
1129	16.1	
1130	16.2	
1131	16.2	
1132	16.3	
1133	16.3	
1134	16.3	
1135	16.4	
1136	16.5	
1137	16.4	
1138	16.5	
1139	16.5	
1140	16.6	
1141	16.6	
1142	16.6	
1143	16.7	
1144	16.7	
1145	16.8	
1146	16.8	
1147	16.8	
1148	16.8	
1149	16.9	
1150	16.9	
1151	17.0	
1152	17.1	
1153	17.2	
1154	17.1	
1155	17.2	
1156	17.1	
1157	17.2	
1158	17.2	
1159	17.2	
1160	17.2	
1161	17.2	
1162	17.2	
1163	17.3	
1164	17.2	
1165	17.3	
1166	17.4	
1167	17.4	
1168	17.4	
1169	17.4	
1170	17.5	
1171	17.5	
1172	17.5	
1173	17.6	
1174	17.6	
1175	17.6	
1176	17.6	
1177	17.6	
1178	17.7	
1179	17.7	
1180	17.7	
1181	17.7	
1182	17.8	
1183	17.8	
1184	17.8	
1185	17.8	
1186	17.9	
1187	17.9	
1188	17.9	
1189	18.0	
1190	18.0	
1191	18.0	
1192	18.0	
1193	18.1	
1194	18.1	
1195	18.1	
1196	18.1	
1197	18.2	
1198	18.2	
1199	18.2	
1200	18.2	
1201	18.2	
1202	18.3	
1203	18.3	
1204	18.3	
1205	18.3	
1206	18.3	
1207	18.3	
1208	18.3	
1209	18.4	
1210	18.3	
1211	18.5	
1212	18.5	
1213	18.5	
1214	18.5	
1215	18.5	
1216	18.5	
1217	18.6	
1218	18.5	
1219	18.6	
1220	18.6	
1221	18.7	
1222	18.7	
1223	18.7	
1224	18.7	
1225	18.8	
1226	18.8	
1227	18.8	
1228	18.9	
1229	18.9	
1230	18.9	
1231	19.0	
1232	19.1	
1233	19.0	
1234	19.0	
1235	19.0	
1236	19.1	
1237	19.1	
1238	19.1	
1239	19.0	
1240	19.2	
1241	19.1	
1242	19.2	
1243	19.1	
1244	19.2	
1245	19.2	
1246	19.3	
1247	19.3	
1248	19.3	
1249	19.3	
1250	19.3	
1251	19.3	
1252	19.4	
1253	19.4	
1254	19.4	
1255	19.4	
1256	19.4	
1257	19.5	
1258	19.5	
1259	19.5	
1260	19.5	
1261	19.5	
1262	19.6	
1263	19.6	
1264	19.6	
1265	19.6	
1266	19.7	
1267	19.7	
1268	19.7	
1269	19.7	
1270	19.8	
1271	19.8	
1272	19.8	
1273	19.8	
1274	19.9	
1275	20.0	
1276	20.0	
1277	20.0	
1278	20.1	
1279	20.0	
1280	20.0	
1281	20.0	
1282	20.1	
1283	20.2	
1284	20.2	
1285	20.2	
1286	20.1	
1287	20.1	
1288	20.1	
1289	20.1	
1290	20.1	
1291	20.2	
1292	20.2	
1293	20.2	
1294	20.2	
1295	20.2	
1296	20.2	
1297	20.2	
1298	20.4	
1299	20.3	
1300	20.3	
1301	20.4	
1302	20.3	
1303	20.3	
1304	20.4	
1305	20.4	
1306	20.5	
1307	20.3	
1308	20.4	
1309	20.6	
1310	20.5	
1311	20.5	
1312	20.5	
1313	20.6	
1314	20.7	
1315	20.6	
1316	20.6	
1317	20.6	
1318	20.7	
1319	20.7	
1320	20.7	
1321	20.7	
1322	20.7	
1323	20.9	
1324	20.8	
1325	20.8	
1326	20.9	
1327	21.0	
1328	20.9	
1329	20.9	
1330	21.0	
1331	20.9	
1332	20.9	
1333	20.9	
1334	20.9	
1335	20.9	
1336	21.0	
1337	21.0	
1338	21.0	
1339	21.0	
1340	21.0	
1341	21.0	
1342	21.0	
1343	21.1	
1344	21.1	
1345	21.1	
1346	21.1	
1347	21.1	
1348	21.1	
1349	21.1	
1350	21.2	
1351	21.2	
1352	21.2	
1353	21.2	
1354	21.2	
1355	21.3	
1356	21.3	
1357	21.3	
1358	21.3	
1359	21.3	
1360	21.4	
1361	21.4	
1362	21.4	
1363	21.4	
1364	21.4	
1365	21.4	
1366	21.5	
1367	21.4	
1368	21.4	
1369	21.5	
1370	21.5	
1371	21.5	
1372	21.5	
1373	21.6	
1374	21.6	
1375	21.7	
1376	21.6	
1377	21.6	
1378	21.6	
1379	21.6	
1380	21.6	
1381	21.6	
1382	21.7	
1383	21.6	
1384	21.7	
1385	21.7	
1386	21.7	
1387	21.7	
1388	21.7	
1389	21.7	
1390	21.8	
1391	21.8	
1392	21.8	
1393	21.8	
1394	21.8	
1395	21.9	
1396	21.9	
1397	21.9	
1398	21.9	
1399	21.9	
1400	22.0	
1401	22.0	
1402	22.0	
1403	22.0	
1404	22.0	
1405	22.0	
1406	22.0	
1407	22.1	
1408	22.1	
1409	22.1	
1410	22.1	
1411	22.1	
1412	22.1	
1413	22.1	
1414	22.2	
1415	22.2	
1416	22.2	
1417	22.2	
1418	22.2	
1419	22.2	
1420	22.2	
1421	22.3	
1422	22.3	
1423	22.3	
1424	22.3	
1425	22.3	
1426	22.3	
1427	22.4	
1428	22.4	
1429	22.4	
1430	22.4	
1431	22.4	
1432	22.4	
1433	22.4	
1434	22.5	
1435	22.5	
1436	22.5	
1437	22.5	
1438	22.5	
1439	22.5	
1440	22.5	
1441	22.5	
1442	22.7	
1443	22.6	
1444	22.7	
1445	22.6	
1446	22.6	
1447	22.7	
1448	22.6	
1449	22.7	
1450	22.7	
1451	22.8	
1452	22.7	
1453	22.7	
1454	22.8	
1455	22.8	
1456	22.8	
1457	22.8	
1458	22.8	
1459	22.9	
1460	22.8	
1461	22.8	
1462	22.9	
1463	22.9	
1464	23.0	
1465	22.9	
1466	23.0	
1467	22.9	
1468	22.9	
1469	22.9	
1470	23.0	
1471	23.0	
1472	23.0	
1473	23.0	
1474	23.0	
1475	23.0	
1476	23.1	
1477	23.1	
1478	23.1	
1479	23.1	
1480	23.1	
1481	23.1	
1482	23.1	
1483	23.1	
1484	23.2	
1485	23.2	
1486	23.2	
1487	23.2	
1488	23.2	
1489	23.2	
1490	23.2	
1491	23.3	
1492	23.3	
1493	23.3	
1494	23.3	
1495	23.3	
1496	23.4	
1497	23.4	
1498	23.4	
1499	23.4	
1500	23.3	
1501	23.4	
1502	23.3	
1503	23.4	
1504	23.3	
1505	23.4	
1506	23.4	
1507	23.5	
1508	23.4	
1509	23.5	
1510	23.5	
1511	23.5	
1512	23.5	
1513	23.5	
1514	23.6	
1515	23.6	
1516	23.6	
1517	23.7	
1518	23.7	
1519	23.7	
1520	23.7	
1521	23.7	
1522	23.7	
1523	23.7	
1524	23.7	
1525	23.7	
1526	23.7	
1527	23.7	
1528	23.7	
1529	23.8	
1530	23.8	
1531	23.8	
1532	23.8	
1533	23.8	
1534	23.8	
1535	23.8	
1536	23.9	
1537	23.9	
1538	23.9	
1539	23.9	
1540	23.9	
1541	23.9	
1542	23.9	
1543	24.0	
1544	24.0	
1545	24.0	
1546	24.0	
1547	24.0	
1548	24.0	
1549	24.0	
1550	24.0	
1551	24.0	
1552	24.0	
1553	24.0	
1554	24.1	
1555	24.1	
1556	24.1	
1557	24.1	
1558	24.1	
1559	24.1	
1560	24.1	
1561	24.2	
1562	24.2	
1563	24.2	
1564	24.2	
1565	24.2	
1566	24.2	
1567	24.3	
1568	24.3	
1569	24.3	
1570	24.3	
1571	24.3	
1572	24.3	
1573	24.3	
1574	24.3	
1575	24.4	
1576	24.5	
1577	24.4	
1578	24.5	
1579	24.6	
1580	24.5	
1581	24.6	
1582	24.5	
1583	24.5	
1584	24.5	
1585	24.5	
1586	24.5	
1587	24.5	
1588	24.6	
1589	24.5	
1590	24.5	
1591	24.6	
1592	24.6	
1593	24.5	
1594	24.5	
1595	24.7	
1596	24.6	
1597	24.6	
1598	24.7	
1599	24.6	
1600	24.6	
1601	24.7	
1602	24.7	
1603	24.7	
1604	24.7	
1605	24.7	
1606	24.7	
1607	24.7	
1608	24.7	
1609	24.7	
1610	24.8	
1611	24.8	
1612	24.8	
1613	24.8	
1614	24.7	
1615	24.8	
1616	24.8	
1617	24.8	
1618	24.8	
1619	24.9	
1620	24.9	
1621	24.9	
1622	24.9	
1623	25.0	
1624	24.9	
1625	24.9	
1626	24.9	
1627	24.9	
1628	25.0	
1629	25.0	
1630	25.0	
1631	25.0	
1632	25.0	
1633	25.0	
1634	25.0	
1635	25.1	
1636	25.1	
1637	25.1	
1638	25.1	
1639	25.1	
1640	25.1	
1641	25.1	
1642	25.2	
1643	25.2	
1644	25.2	
1645	25.2	
1646	25.2	
1647	25.2	
1648	25.2	
1649	25.3	
1650	25.3	
1651	25.3	
1652	25.3	
1653	25.3	
1654	25.4	
1655	25.4	
1656	25.4	
1657	25.3	
1658	25.3	
1659	25.3	
1660	25.4	
1661	25.4	
1662	25.4	
1663	25.4	
1664	25.4	
1665	25.4	
1666	25.4	
1667	25.4	
1668	25.5	
1669	25.5	
1670	25.5	
1671	25.5	
1672	25.6	
1673	25.5	
1674	25.5	
1675	25.6	
1676	25.5	
1677	25.5	
1678	25.5	
1679	25.6	
1680	25.5	
1681	25.5	
1682	25.6	
1683	25.6	
1684	25.7	
1685	25.7	
1686	25.7	
1687	25.7	
1688	25.7	
1689	25.8	
1690	25.8	
1691	25.8	
1692	25.8	
1693	25.8	
1694	25.8	
1695	25.8	
1696	25.8	
1697	25.9	
1698	25.8	
1699	25.9	
1700	25.8	
1701	25.9	
1702	25.9	
1703	26.0	
1704	25.9	
1705	26.0	
1706	25.9	
1707	26.1	
1708	26.0	
1709	25.9	
1710	26.1	
1711	26.0	
1712	26.1	
1713	26.0	
1714	26.2	
1715	26.1	
1716	26.1	
1717	26.1	
1718	26.1	
1719	26.1	
1720	26.1	
1721	26.1	
1722	26.1	
1723	26.1	
1724	26.2	
1725	26.2	
1726	26.2	
1727	26.2	
1728	26.2	
1729	26.2	
1730	26.2	
1731	26.2	
1732	26.2	
1733	26.3	
1734	26.3	
1735	26.3	
1736	26.3	
1737	26.3	
1738	26.3	
1739	26.3	
1740	26.3	
1741	26.2	
1742	26.3	
1743	26.3	
1744	26.3	
1745	26.3	
1746	26.3	
1747	26.4	
1748	26.4	
1749	26.4	
1750	26.4	
1751	26.4	
1752	26.4	
1753	26.4	
1754	26.5	
1755	26.5	
1756	26.5	
1757	26.5	
1758	26.5	
1759	26.5	
1760	26.5	
1761	26.6	
1762	26.5	
1763	26.6	
1764	26.6	
1765	26.6	
1766	26.6	
1767	26.6	
1768	26.6	
1769	26.6	
1770	26.7	
1771	26.7	
1772	26.6	
1773	26.8	
1774	26.7	
1775	26.7	
1776	26.7	
1777	26.8	
1778	26.7	
1779	26.8	
1780	26.7	
1781	26.8	
1782	26.9	
1783	26.8	
1784	26.8	
1785	26.8	
1786	26.8	
1787	26.8	
1788	26.9	
1789	26.8	
1790	26.8	
1791	26.9	
1792	26.9	
1793	26.9	
1794	27.1	
1795	26.9	
1796	26.9	
1797	26.9	
1798	27.0	
1799	27.0	
1800	27.0	
1801	27.0	
1802	27.0	
1803	27.0	
1804	27.0	
1805	27.1	
1806	27.1	
1807	27.1	
1808	27.1	
1809	27.1	
1810	27.1	
1811	27.1	
1812	27.1	
1813	27.1	
1814	27.1	
1815	27.1	
1816	27.1	
1817	27.1	
1818	27.2	
1819	27.2	
1820	27.2	
1821	27.2	
1822	27.2	
1823	27.2	
1824	27.2	
1825	27.2	
1826	27.3	
1827	27.3	
1828	27.3	
1829	27.3	
1830	27.3	
1831	27.4	
1832	27.3	
1833	27.4	
1834	27.3	
1835	27.3	
1836	27.4	
1837	27.4	
1838	27.3	
1839	27.3	
1840	27.4	
1841	27.4	
1842	27.4	
1843	27.5	
1844	27.4	
1845	27.4	
1846	27.5	
1847	27.6	
1848	27.5	
1849	27.5	
1850	27.5	
1851	27.5	
1852	27.4	
1853	27.5	
1854	27.5	
1855	27.5	
1856	27.5	
1857	27.5	
1858	27.6	
1859	27.6	
1860	27.6	
1861	27.6	
1862	27.6	
1863	27.6	
1864	27.6	
1865	27.6	
1866	27.6	
1867	27.6	
1868	27.6	
1869	27.7	
1870	27.7	
1871	27.7	
1872	27.7	
1873	27.7	
1874	27.7	
1875	27.7	
1876	27.8	
1877	27.7	
1878	27.8	
1879	27.8	
1880	27.8	
1881	27.8	
1882	27.8	
1883	27.8	
1884	27.9	
1885	27.8	
1886	27.9	
1887	27.9	
1888	28.0	
1889	27.9	
1890	27.9	
1891	27.9	
1892	28.0	
1893	28.0	
1894	27.9	
1895	28.0	
1896	28.0	
1897	28.0	
1898	28.0	
1899	28.0	
1900	28.0	
1901	28.0	
1902	28.0	
1903	28.0	
1904	28.0	
1905	28.1	
1906	28.1	
1907	28.1	
1908	28.1	
1909	28.1	
1910	28.3	
1911	28.2	
1912	28.2	
1913	28.2	
1914	28.2	
1915	28.2	
1916	28.1	
1917	28.2	
1918	28.2	
1919	28.2	
1920	28.2	
1921	28.4	
1922	28.2	
1923	28.2	
1924	28.3	
1925	28.3	
1926	28.3	
1927	28.3	
1928	28.3	
1929	28.3	
1930	28.3	
1931	28.3	
1932	28.3	
1933	28.4	
1934	28.4	
1935	28.4	
1936	28.4	
1937	28.4	
1938	28.4	
1939	28.4	
1940	28.4	
1941	28.4	
1942	28.4	
1943	28.4	
1944	28.4	
1945	28.5	
1946	28.5	
1947	28.5	
1948	28.5	
1949	28.5	
1950	28.5	
1951	28.5	
1952	28.5	
1953	28.6	
1954	28.6	
1955	28.6	
1956	28.6	
1957	28.7	
1958	28.6	
1959	28.6	
1960	28.6	
1961	28.6	
1962	28.6	
1963	28.7	
1964	28.7	
1965	28.7	
1966	28.7	
1967	28.7	
1968	28.7	
1969	28.8	
1970	28.8	
1971	28.7	
1972	28.8	
1973	28.7	
1974	28.8	
1975	28.8	
1976	28.8	
1977	28.8	
1978	28.8	
1979	28.9	
1980	28.9	
1981	28.9	
1982	28.9	
1983	28.9	
1984	28.9	
1985	28.9	
1986	28.9	
1987	28.9	
1988	28.9	
1989	28.9	
1990	29.0	
1991	29.0	
1992	29.0	
1993	29.1	
1994	29.1	
1995	29.1	
1996	29.2	
1997	29.1	
1998	29.1	
1999	29.1	
2000	29.2	
2001	29.1	
2002	29.1	
2003	29.1	
2004	29.1	
2005	29.1	
2006	29.1	
2007	29.1	
2008	29.1	
2009	29.2	
2010	29.2	
2011	29.2	
2012	29.2	
2013	29.1	
2014	29.2	
2015	29.2	
2016	29.2	
2017	29.3	
2018	29.2	
2019	29.4	
2020	29.4	
2021	29.3	
2022	29.3	
2023	29.4	
2024	29.3	
2025	29.4	
2026	29.4	
2027	29.3	
2028	29.4	
2029	29.4	
2030	29.3	
2031	29.5	
2032	29.4	
2033	29.3	
2034	29.4	
2035	29.4	
2036	29.4	
2037	29.4	
2038	29.5	
2039	29.5	
2040	29.5	
2041	29.5	
2042	29.5	
2043	29.5	
2044	29.6	
2045	29.6	
2046	29.6	
2047	29.7	
2048	29.6	
2049	29.5	
2050	29.5	
2051	29.6	
2052	29.6	
2053	29.6	
2054	29.6	
2055	29.6	
2056	29.6	
2057	29.6	
2058	29.6	
2059	29.6	
2060	29.7	
2061	29.7	
2062	29.7	
2063	29.7	
2064	29.7	
2065	29.7	
2066	29.7	
2067	29.7	
2068	29.7	
2069	29.7	
2070	29.7	
2071	29.7	
2072	29.7	
2073	29.7	
2074	29.8	
2075	29.8	
2076	29.8	
2077	29.8	
2078	29.8	
2079	29.8	
2080	29.8	
2081	29.8	
2082	29.8	
2083	29.9	
2084	29.9	
2085	29.9	
2086	29.9	
2087	29.9	
2088	29.9	
2089	29.9	
2090	29.9	
2091	29.9	
2092	30.0	
2093	30.0	
2094	30.0	
2095	30.0	
2096	30.0	
2097	30.0	
2098	30.0	
2099	30.0	
2100	30.0	
2101	30.0	
2102	30.0	
2103	30.0	
2104	30.1	
2105	30.1	
2106	30.1	
2107	30.1	
2108	30.1	
2109	30.2	
2110	30.2	
2111	30.2	
2112	30.2	
2113	30.2	
2114	30.2	
2115	30.2	
2116	30.2	
2117	30.2	
2118	30.1	
2119	30.3	
2120	30.2	
2121	30.2	
2122	30.2	
2123	30.2	
2124	30.3	
2125	30.3	
2126	30.4	
2127	30.3	
2128	30.3	
2129	30.3	
2130	30.3	
2131	30.3	
2132	30.3	
2133	30.3	
2134	30.3	
2135	30.4	
2136	30.4	
2137	30.4	
2138	30.4	
2139	30.4	
2140	30.4	
2141	30.4	
2142	30.4	
2143	30.4	
2144	30.3	
2145	30.4	
2146	30.5	
2147	30.4	
2148	30.5	
2149	30.5	
2150	30.5	
2151	30.6	
2152	30.5	
2153	30.5	
2154	30.5	
2155	30.5	
2156	30.5	
2157	30.6	
2158	30.6	
2159	30.6	
2160	30.6	
2161	30.7	
2162	30.7	
2163	30.7	
2164	30.7	
2165	30.7	
2166	30.6	
2167	30.7	
2168	30.6	
2169	30.7	
2170	30.8	
2171	30.7	
2172	30.7	
2173	30.7	
2174	30.7	
2175	30.7	
2176	30.7	
2177	30.7	
2178	30.7	
2179	30.7	
2180	30.8	
2181	30.8	
2182	30.8	
2183	30.8	
2184	30.8	
2185	30.8	
2186	30.8	
2187	30.8	
2188	30.8	
2189	30.8	
2190	30.8	
2191	30.8	
2192	30.9	
2193	30.9	
2194	30.9	
2195	31.0	
2196	31.0	
2197	30.9	
2198	30.9	
2199	31.0	
2200	31.0	
2201	31.0	
2202	31.0	
2203	31.0	
2204	31.0	
2205	31.0	
2206	31.0	
2207	31.0	
2208	31.0	
2209	31.0	
2210	31.1	
2211	31.0	
2212	31.1	
2213	31.1	
2214	31.1	
2215	31.1	
2216	31.1	
2217	31.1	
2218	31.3	
2219	31.2	
2220	31.2	
2221	31.2	
2222	31.3	
2223	31.2	
2224	31.2	
2225	31.3	
2226	31.2	
2227	31.2	
2228	31.2	
2229	31.2	
2230	31.3	
2231	31.2	
2232	31.3	
2233	31.2	
2234	31.3	
2235	31.3	
2236	31.3	
2237	31.3	
2238	31.3	
2239	31.3	
2240	31.3	
2241	31.3	
2242	31.3	
2243	31.4	
2244	31.4	
2245	31.4	
2246	31.3	
2247	31.3	
2248	31.4	
2249	31.4	
2250	31.4	
2251	31.4	
2252	31.4	
2253	31.4	
2254	31.4	
2255	31.5	
2256	31.6	
2257	31.5	
2258	31.5	
2259	31.5	
2260	31.5	
2261	31.5	
2262	31.5	
2263	31.5	
2264	31.5	
2265	31.6	
2266	31.6	
2267	31.7	
2268	31.6	
2269	31.6	
2270	31.7	
2271	31.7	
2272	31.5	
2273	31.6	
2274	31.6	
2275	31.6	
2276	31.6	
2277	31.6	
2278	31.7	
2279	31.7	
2280	31.6	
2281	31.7	
2282	31.7	
2283	31.7	
2284	31.7	
2285	31.7	
2286	31.7	
2287	31.8	
2288	31.7	
2289	31.7	
2290	31.9	
2291	31.8	
2292	31.9	
2293	31.8	
2294	31.8	
2295	31.9	
2296	31.9	
2297	31.9	
2298	31.9	
2299	31.9	
2300	31.9	
2301	31.9	
2302	31.9	
2303	31.9	
2304	31.9	
2305	31.9	
2306	31.9	
2307	31.9	
2308	31.9	
2309	31.9	
2310	32.0	
2311	32.0	
2312	32.0	
2313	32.2	
2314	32.1	
2315	32.1	
2316	32.1	
2317	32.1	
2318	32.1	
2319	32.2	
2320	32.1	
2321	32.1	
2322	32.1	
2323	32.1	
2324	32.1	
2325	32.1	
2326	32.1	
2327	32.1	
2328	32.1	
2329	32.1	
2330	32.1	
2331	32.1	
2332	32.1	
2333	32.2	
2334	32.2	
2335	32.2	
2336	32.2	
2337	32.1	
2338	32.1	
2339	32.1	
2340	32.2	
2341	32.2	
2342	32.2	
2343	32.2	
2344	32.3	
2345	32.3	
2346	32.3	
2347	32.3	
2348	32.3	
2349	32.3	
2350	32.3	
2351	32.3	
2352	32.3	
2353	32.3	
2354	32.3	
2355	32.3	
2356	32.3	
2357	32.4	
2358	32.4	
2359	32.5	
2360	32.5	
2361	32.5	
2362	32.5	
2363	32.5	
2364	32.5	
2365	32.4	
2366	32.5	
2367	32.5	
2368	32.4	
2369	32.5	
2370	32.5	
2371	32.5	
2372	32.5	
2373	32.5	
2374	32.5	
2375	32.5	
2376	32.5	
2377	32.5	
2378	32.5	
2379	32.5	
2380	32.5	
2381	32.5	
2382	32.5	
2383	32.5	
2384	32.6	
2385	32.6	
2386	32.6	
2387	32.6	
2388	32.6	
2389	32.7	
2390	32.7	
2391	32.7	
2392	32.7	
2393	32.7	
2394	32.7	
2395	32.7	
2396	32.7	
2397	32.7	
2398	32.7	
2399	32.8	
2400	32.8	
2401	32.8	
2402	32.7	
2403	32.7	
2404	32.7	
2405	32.7	
2406	32.7	
2407	32.8	
2408	32.8	
2409	32.8	
2410	32.8	
2411	32.8	
2412	32.8	
2413	32.8	
2414	32.9	
2415	32.9	
2416	32.8	
2417	32.8	
2418	32.9	
2419	32.9	
2420	32.9	
2421	32.9	
2422	32.9	
2423	32.9	
2424	32.8	
2425	32.9	
2426	33.1	
2427	33.0	
2428	33.0	
2429	33.0	
2430	33.0	
2431	33.0	
2432	33.0	
2433	33.0	
2434	33.0	
2435	33.0	
2436	33.0	
2437	33.0	
2438	33.1	
2439	33.1	
2440	33.1	
2441	33.1	
2442	33.1	
2443	33.1	
2444	33.2	
2445	33.2	
2446	33.2	
2447	33.2	
2448	33.2	
2449	33.2	
2450	33.2	
2451	33.1	
2452	33.1	
2453	33.1	
2454	33.2	
2455	33.2	
2456	33.2	
2457	33.1	
2458	33.2	
2459	33.2	
2460	33.2	
2461	33.2	
2462	33.2	
2463	33.2	
2464	33.2	
2465	33.3	
2466	33.3	
2467	33.3	
2468	33.3	
2469	33.3	
2470	33.3	
2471	33.3	
2472	33.3	
2473	33.3	
2474	33.3	
2475	33.3	
2476	33.3	
2477	33.3	
2478	33.3	
2479	33.4	
2480	33.4	
2481	33.4	
2482	33.4	
2483	33.4	
2484	33.4	
2485	33.5	
2486	33.4	
2487	33.5	
2488	33.4	
2489	33.4	
2490	33.4	
2491	33.5	
2492	33.5	
2493	33.5	
2494	33.5	
2495	33.5	
2496	33.5	
2497	33.5	
2498	33.5	
2499	33.5	
2500	33.6	
2501	33.6	
2502	33.6	
2503	33.6	
2504	33.6	
2505	33.6	
2506	33.6	
2507	33.6	
2508	33.6	
2509	33.6	
2510	33.6	
2511	33.6	
2512	33.7	
2513	33.8	
2514	33.7	
2515	33.7	
2516	33.8	
2517	33.8	
2518	33.9	
2519	33.7	
2520	33.8	
2521	33.8	
2522	33.8	
2523	33.8	
2524	33.9	
2525	33.8	
2526	33.7	
2527	33.8	
2528	33.7	
2529	33.8	
2530	33.8	
2531	33.8	
2532	33.7	
2533	33.8	
2534	33.8	
2535	34.0	
2536	33.8	
2537	33.8	
2538	33.8	
2539	34.0	
2540	33.9	
2541	33.9	
2542	33.9	
2543	33.9	
2544	33.9	
2545	33.9	
2546	33.9	
2547	34.0	
2548	33.9	
2549	33.9	
2550	34.1	
2551	34.0	
2552	34.0	
2553	34.0	
2554	34.0	
2555	34.0	
2556	34.0	
2557	34.0	
2558	34.0	
2559	34.0	
2560	34.1	
2561	34.1	
2562	34.1	
2563	34.1	
2564	34.1	
2565	34.1	
2566	34.1	
2567	34.1	
2568	34.1	
2569	34.1	
2570	34.1	
2571	34.1	
2572	34.1	
2573	34.1	
2574	34.1	
2575	34.1	
2576	34.2	
2577	34.2	
2578	34.2	
2579	34.1	
2580	34.1	
2581	34.1	
2582	34.2	
2583	34.2	
2584	34.2	
2585	34.2	
2586	34.2	
2587	34.2	
2588	34.2	
2589	34.3	
2590	34.3	
2591	34.3	
2592	34.3	
2593	34.3	
2594	34.3	
2595	34.3	
2596	34.3	
2597	34.3	
2598	34.3	
2599	34.3	
2600	34.3	
2601	34.4	
2602	34.4	
2603	34.5	
2604	34.4	
2605	34.4	
2606	34.5	
2607	34.4	
2608	34.3	
2609	34.4	
2610	34.4	
2611	34.4	
2612	34.4	
2613	34.4	
2614	34.4	
2615	34.4	
2616	34.5	
2617	34.5	
2618	34.5	
2619	34.5	
2620	34.5	
2621	34.5	
2622	34.5	
2623	34.5	
2624	34.5	
2625	34.5	
2626	34.5	
2627	34.5	
2628	34.5	
2629	34.5	
2630	34.5	
2631	34.6	
2632	34.6	
2633	34.6	
2634	34.6	
2635	34.6	
2636	34.6	
2637	34.6	
2638	34.7	
2639	34.7	
2640	34.8	
2641	34.7	
2642	34.7	
2643	34.7	
2644	34.7	
2645	34.7	
2646	34.8	
2647	34.7	
2648	34.7	
2649	34.7	
2650	34.9	
2651	34.8	
2652	34.8	
2653	34.8	
2654	34.9	
2655	34.8	
2656	34.8	
2657	34.8	
2658	34.8	
2659	34.8	
2660	34.8	
2661	34.8	
2662	34.8	
2663	34.9	
2664	34.9	
2665	34.9	
2666	34.9	
2667	34.9	
2668	34.9	
2669	34.9	
2670	34.9	
2671	34.9	
2672	35.0	
2673	35.0	
2674	35.0	
2675	35.0	
2676	35.0	
2677	35.0	
2678	35.0	
2679	35.0	
2680	35.0	
2681	35.0	
2682	35.1	
2683	35.1	
2684	35.0	
2685	35.1	
2686	35.0	
2687	35.1	
2688	35.1	
2689	35.1	
2690	35.1	
2691	35.1	
2692	35.1	
2693	35.1	
2694	35.1	
2695	35.1	
2696	35.1	
2697	35.1	
2698	35.1	
2699	35.1	
2700	35.2	
2701	35.2	
2702	35.2	
2703	35.2	
2704	35.2	
2705	35.2	
2706	35.2	
2707	35.2	
2708	35.1	
2709	35.2	
2710	35.2	
2711	35.2	
2712	35.2	
2713	35.2	
2714	35.2	
2715	35.2	
2716	35.2	
2717	35.2	
2718	35.2	
2719	35.3	
2720	35.3	
2721	35.2	
2722	35.3	
2723	35.3	
2724	35.2	
2725	35.3	
2726	35.3	
2727	35.3	
2728	35.3	
2729	35.3	
2730	35.3	
2731	35.4	
2732	35.4	
2733	35.4	
2734	35.4	
2735	35.4	
2736	35.4	
2737	35.5	
2738	35.4	
2739	35.4	
2740	35.5	
2741	35.5	
2742	35.4	
2743	35.6	
2744	35.4	
2745	35.5	
2746	35.6	
2747	35.5	
2748	35.5	
2749	35.5	
2750	35.5	
2751	35.7	
2752	35.6	
2753	35.5	
2754	35.5	
2755	35.6	
2756	35.6	
2757	35.6	
2758	35.6	
2759	35.6	
2760	35.6	
2761	35.6	
2762	35.6	
2763	35.7	
2764	35.7	
2765	35.7	
2766	35.7	
2767	35.7	
2768	35.7	
2769	35.7	
2770	35.7	
2771	35.7	
2772	35.8	
2773	35.8	
2774	35.8	
2775	35.8	
2776	35.9	
2777	35.9	
2778	35.9	
2779	35.9	
2780	35.9	
2781	35.9	
2782	35.9	
2783	35.9	
2784	36.0	
2785	35.9	
2786	35.9	
2787	35.9	
2788	35.9	
2789	35.9	
2790	35.9	
2791	35.9	
2792	35.9	
2793	36.0	
2794	36.0	
2795	35.9	
2796	36.0	
2797	36.0	
2798	36.0	
2799	36.0	
2800	36.0	
2801	36.0	
2802	36.0	
2803	36.0	
2804	36.1	
2805	36.1	
2806	36.1	
2807	36.1	
2808	36.1	
2809	36.1	
2810	36.1	
2811	36.1	
2812	36.1	
2813	36.2	
2814	36.2	
2815	36.2	
2816	36.2	
2817	36.2	
2818	36.2	
2819	36.2	
2820	36.2	
2821	36.2	
2822	36.3	
2823	36.3	
2824	36.3	
2825	36.3	
2826	36.3	
2827	36.3	
2828	36.3	
2829	36.3	
2830	36.4	
2831	36.4	
2832	36.3	
2833	36.4	
2834	36.5	
2835	36.4	
2836	36.5	
2837	36.6	
2838	36.6	
2839	36.6	
2840	36.5	
2841	36.5	
2842	36.5	
2843	36.5	
2844	36.5	
2845	36.5	
2846	36.6	
2847	36.6	
2848	36.6	
2849	36.6	
2850	36.6	
2851	36.6	
2852	36.7	
2853	36.6	
2854	36.6	
2855	36.6	
2856	36.7	
2857	36.7	
2858	36.6	
2859	36.7	
2860	36.7	
2861	36.7	
2862	36.7	
2863	36.7	
2864	36.7	
2865	36.7	
2866	36.8	
2867	36.7	
2868	36.8	
2869	36.7	
2870	36.8	
2871	36.8	
2872	36.8	
2873	36.8	
2874	36.8	
2875	36.9	
2876	36.9	
2877	36.9	
2878	36.9	
2879	36.9	
2880	37.0	
2881	37.0	
2882	37.0	
2883	37.0	
2884	37.0	
2885	37.0	
2886	37.0	
2887	37.0	
2888	37.0	
2889	37.1	
2890	37.1	
2891	37.1	
2892	37.1	
2893	37.1	
2894	37.1	
2895	37.1	
2896	37.2	
2897	37.2	
2898	37.2	
2899	37.2	
2900	37.1	
2901	37.2	
2902	37.2	
2903	37.3	
2904	37.3	
2905	37.4	
2906	37.3	
2907	37.4	
2908	37.3	
2909	37.3	
2910	37.3	
2911	37.3	
2912	37.4	
2913	37.5	
2914	37.4	
2915	37.4	
2916	37.5	
2917	37.4	
2918	37.5	
2919	37.5	
2920	37.4	
2921	37.6	
2922	37.5	
2923	37.5	
2924	37.5	
2925	37.5	
2926	37.5	
2927	37.6	
2928	37.6	
2929	37.6	
2930	37.6	
2931	37.6	
2932	37.6	
2933	37.6	
2934	37.7	
2935	37.7	
2936	37.7	
2937	37.7	
2938	37.8	
2939	37.8	
2940	37.7	
2941	37.7	
2942	37.7	
2943	37.8	
2944	37.8	
2945	37.8	
2946	37.8	
2947	37.8	
2948	37.8	
2949	37.9	
2950	37.9	
2951	37.9	
2952	37.9	
2953	37.9	
2954	37.9	
2955	38.0	
2956	38.0	
2957	37.9	
2958	38.0	
2959	37.9	
2960	37.9	
2961	37.9	
2962	38.0	
2963	38.1	
2964	38.1	
2965	38.1	
2966	38.1	
2967	38.1	
2968	38.1	
2969	38.2	
2970	38.1	
2971	38.2	
2972	38.2	
2973	38.2	
2974	38.2	
2975	38.2	
2976	38.2	
2977	38.2	
2978	38.2	
2979	38.3	
2980	38.2	
2981	38.3	
2982	38.3	
2983	38.3	
2984	38.3	
2985	38.4	
2986	38.4	
2987	38.4	
2988	38.4	
2989	38.4	
2990	38.4	
2991	38.4	
2992	38.5	
2993	38.5	
2994	38.5	
2995	38.5	
2996	38.5	
2997	38.5	
2998	38.5	
2999	38.6	
3000	38.6	
3001	38.6	
3002	38.6	
3003	38.6	
3004	38.6	
3005	38.6	
3006	38.7	
3007	38.7	
3008	38.7	
3009	38.7	
3010	38.7	
3011	38.7	
3012	38.7	
3013	38.7	
3014	38.7	
3015	38.8	
3016	38.8	
3017	38.8	
3018	38.8	
3019	38.8	
3020	38.8	
3021	38.8	
3022	38.9	
3023	38.9	
3024	38.9	
3025	38.9	
3026	38.9	
3027	38.9	
3028	38.8	
3029	38.9	
3030	38.9	
3031	38.9	
3032	39.0	
3033	39.0	
3034	39.0	
3035	38.9	
3036	39.0	
3037	39.1	
3038	39.1	
3039	39.1	
3040	39.1	
3041	39.1	
3042	39.2	
3043	39.1	
3044	39.2	
3045	39.1	
3046	39.2	
3047	39.2	
3048	39.2	
3049	39.3	
3050	39.2	
3051	39.2	
3052	39.2	
3053	39.3	
3054	39.3	
3055	39.3	
3056	39.3	
3057	39.3	
3058	39.3	
3059	39.3	
3060	39.3	
3061	39.4	
3062	39.4	
3063	39.4	
3064	39.4	
3065	39.4	
3066	39.5	
3067	39.5	
3068	39.5	
3069	39.5	
3070	39.5	
3071	39.5	
3072	39.5	
3073	39.5	
3074	39.6	
3075	39.6	
3076	39.6	
3077	39.6	
3078	39.6	
3079	39.6	
3080	39.6	
3081	39.7	
3082	39.7	
3083	39.7	
3084	39.7	
3085	39.7	
3086	39.7	
3087	39.7	
3088	39.7	
3089	39.7	
3090	39.8	
3091	39.8	
3092	39.8	
3093	39.8	
3094	39.9	
3095	39.8	
3096	39.8	
3097	39.8	
3098	39.9	
3099	39.9	
3100	39.9	
3101	40.0	
3102	39.9	
3103	40.0	
3104	40.0	
3105	40.0	
3106	40.0	
3107	40.0	
3108	40.0	
3109	40.1	
3110	40.1	
3111	40.1	
3112	40.1	
3113	40.1	
3114	40.1	
3115	40.1	
3116	40.2	
3117	40.2	
3118	40.3	
3119	40.3	
3120	40.2	
3121	40.3	
3122	40.3	
3123	40.3	
3124	40.2	
3125	40.3	
3126	40.3	
3127	40.3	
3128	40.3	
3129	40.3	
3130	40.3	
3131	40.3	
3132	40.4	
3133	40.4	
3134	40.5	
3135	40.4	
3136	40.4	
3137	40.5	
3138	40.4	
3139	40.5	
3140	40.5	
3141	40.5	
3142	40.5	
3143	40.5	
3144	40.5	
3145	40.6	
3146	40.6	
3147	40.6	
3148	40.6	
3149	40.7	
3150	40.7	
3151	40.6	
3152	40.7	
3153	40.8	
3154	40.7	
3155	40.7	
3156	40.7	
3157	40.8	
3158	40.8	
3159	41.0	
3160	40.8	
3161	40.9	
3162	40.9	
3163	41.0	
3164	41.0	
3165	41.1	
3166	41.0	
3167	41.1	
3168	41.1	
3169	41.1	
3170	41.1	
3171	41.1	
3172	41.1	
3173	41.1	
3174	41.1	
3175	41.1	
3176	41.2	
3177	41.2	
3178	41.2	
3179	41.2	
3180	41.3	
3181	41.3	
3182	41.4	
3183	41.3	
3184	41.3	
3185	41.3	
3186	41.3	
3187	41.3	
3188	41.3	
3189	41.4	
3190	41.4	
3191	41.4	
3192	41.4	
3193	41.4	
3194	41.4	
3195	41.4	
3196	41.4	
3197	41.5	
3198	41.5	
3199	41.5	
3200	41.5	
3201	41.5	
3202	41.5	
3203	41.5	
3204	41.6	
3205	41.6	
3206	41.6	
3207	41.6	
3208	41.7	
3209	41.7	
3210	41.7	
3211	41.7	
3212	41.7	
3213	41.8	
3214	41.8	
3215	41.8	
3216	41.8	
3217	41.8	
3218	41.8	
3219	41.8	
3220	41.9	
3221	41.8	
3222	41.9	
3223	41.9	
3224	41.9	
3225	41.9	
3226	41.9	
3227	41.9	
3228	42.0	
3229	41.9	
3230	42.0	
3231	42.2	
3232	42.1	
3233	42.2	
3234	42.0	
3235	42.1	
3236	42.1	
3237	42.2	
3238	42.1	
3239	42.1	
3240	42.2	
3241	42.3	
3242	42.2	
3243	42.3	
3244	42.2	
3245	42.3	
3246	42.3	
3247	42.3	
3248	42.3	
3249	42.3	
3250	42.4	
3251	42.4	
3252	42.4	
3253	42.5	
3254	42.4	
3255	42.5	
3256	42.5	
3257	42.5	
3258	42.5	
3259	42.5	
3260	42.6	
3261	42.6	
3262	42.6	
3263	42.6	
3264	42.6	
3265	42.6	
3266	42.7	
3267	42.7	
3268	42.7	
3269	42.6	
3270	42.7	
3271	42.7	
3272	42.7	
3273	42.8	
3274	42.7	
3275	42.8	
3276	42.8	
3277	42.9	
3278	42.9	
3279	42.9	
3280	42.9	
3281	42.9	
3282	42.9	
3283	43.0	
3284	43.0	
3285	43.0	
3286	43.0	
3287	43.0	
3288	43.0	
3289	43.1	
3290	43.1	
3291	43.1	
3292	43.1	
3293	43.1	
3294	43.2	
3295	43.2	
3296	43.2	
3297	43.2	
3298	43.2	
3299	43.2	
3300	43.3	
3301	43.3	
3302	43.3	
3303	43.3	
3304	43.4	
3305	43.4	
3306	43.4	
3307	43.4	
3308	43.4	
3309	43.4	
3310	43.4	
3311	43.5	
3312	43.5	
3313	43.5	
3314	43.5	
3315	43.5	
3316	43.6	
3317	43.5	
3318	43.6	
3319	43.6	
3320	43.6	
3321	43.6	
3322	43.6	
3323	43.6	
3324	43.7	
3325	43.6	
3326	43.6	
3327	43.7	
3328	43.7	
3329	43.7	
3330	43.7	
3331	43.8	
3332	43.8	
3333	43.8	
3334	43.8	
3335	43.8	
3336	43.8	
3337	43.9	
3338	43.9	
3339	43.9	
3340	44.0	
3341	44.0	
3342	44.0	
3343	44.1	
3344	44.1	
3345	44.1	
3346	44.1	
3347	44.1	
3348	44.1	
3349	44.1	
3350	44.3	
3351	44.2	
3352	44.2	
3353	44.2	
3354	44.2	
3355	44.2	
3356	44.2	
3357	44.2	
3358	44.3	
3359	44.3	
3360	44.3	
3361	44.3	
3362	44.3	
3363	44.4	
3364	44.4	
3365	44.4	
3366	44.4	
3367	44.4	
3368	44.5	
3369	44.5	
3370	44.5	
3371	44.5	
3372	44.5	
3373	44.5	
3374	44.6	
3375	44.6	
3376	44.6	
3377	44.6	
3378	44.6	
3379	44.6	
3380	44.6	
3381	44.7	
3382	44.7	
3383	44.7	
3384	44.7	
3385	44.7	
3386	44.8	
3387	44.8	
3388	44.8	
3389	44.8	
3390	44.8	
3391	44.8	
3392	44.9	
3393	44.9	
3394	44.9	
3395	45.0	
3396	44.9	
3397	44.9	
3398	45.0	
3399	45.0	
3400	45.0	
3401	45.0	
3402	45.0	
3403	45.1	
3404	45.0	
3405	45.0	
3406	45.1	
3407	45.0	
3408	45.0	
3409	45.1	
3410	45.1	
3411	45.1	
3412	45.1	
3413	45.2	
3414	45.2	
3415	45.2	
3416	45.2	
3417	45.3	
3418	45.3	
3419	45.3	
3420	45.3	
3421	45.3	
3422	45.3	
3423	45.4	
3424	45.3	
3425	45.3	
3426	45.5	
3427	45.4	
3428	45.5	
3429	45.4	
3430	45.5	
3431	45.5	
3432	45.5	
3433	45.5	
3434	45.5	
3435	45.5	
3436	45.6	
3437	45.5	
3438	45.6	
3439	45.7	
3440	45.7	
3441	45.7	
3442	45.8	
3443	45.8	
3444	45.8	
3445	45.8	
3446	45.8	
3447	45.8	
3448	45.8	
3449	45.8	
3450	45.9	
3451	45.9	
3452	45.9	
3453	45.9	
3454	46.0	
3455	46.0	
3456	46.0	
3457	46.1	
3458	46.0	
3459	46.0	
3460	46.1	
3461	46.1	
3462	46.1	
3463	46.1	
3464	46.1	
3465	46.1	
3466	46.0	
3467	46.2	
3468	46.1	
3469	46.1	
3470	46.1	
3471	46.1	
3472	46.2	
3473	46.2	
3474	46.2	
3475	46.2	
3476	46.2	
3477	46.2	
3478	46.3	
3479	46.3	
3480	46.3	
3481	46.3	
3482	46.3	
3483	46.4	
3484	46.4	
3485	46.4	
3486	46.4	
3487	46.4	
3488	46.4	
3489	46.4	
3490	46.4	
3491	46.5	
3492	46.4	
3493	46.5	
3494	46.5	
3495	46.6	
3496	46.5	
3497	46.7	
3498	46.6	
3499	46.5	
3500	46.7	
3501	46.6	
3502	46.7	
3503	46.6	
3504	46.7	
3505	46.7	
3506	46.7	
3507	46.7	
3508	46.7	
3509	46.8	
3510	46.8	
3511	46.8	
3512	46.7	
3513	46.8	
3514	46.8	
3515	46.9	
3516	46.9	
3517	46.9	
3518	46.9	
3519	46.9	
3520	47.0	
3521	47.0	
3522	47.0	
3523	47.0	
3524	47.0	
3525	47.0	
3526	47.0	
3527	47.0	
3528	47.0	
3529	47.1	
3530	47.2	
3531	47.1	
3532	47.2	
3533	47.2	
3534	47.1	
3535	47.2	
3536	47.2	
3537	47.3	
3538	47.3	
3539	47.3	
3540	47.4	
3541	47.4	
3542	47.4	
3543	47.5	
3544	47.4	
3545	47.4	
3546	47.4	
3547	47.4	
3548	47.4	
3549	47.4	
3550	47.4	
3551	47.4	
3552	47.5	
3553	47.5	
3554	47.5	
3555	47.5	
3556	47.5	
3557	47.6	
3558	47.6	
3559	47.6	
3560	47.6	
3561	47.6	
3562	47.7	
3563	47.7	
3564	47.7	
3565	47.8	
3566	47.8	
3567	47.8	
3568	47.7	
3569	47.7	
3570	47.8	
3571	47.8	
3572	47.8	
3573	47.8	
3574	47.9	
3575	47.9	
3576	47.9	
3577	47.9	
3578	47.9	
3579	47.9	
3580	47.9	
3581	47.9	
3582	47.9	
3583	48.0	
3584	48.0	
3585	48.0	
3586	48.1	
3587	48.1	
3588	48.1	
3589	48.1	
3590	48.1	
3591	48.1	
3592	48.1	
3593	48.1	
3594	48.1	
3595	48.2	
3596	48.1	
3597	48.2	
3598	48.2	
3599	48.2	
3600	48.2	
3601	48.3	
3602	48.3	
3603	48.2	
3604	48.3	
3605	48.3	
3606	48.3	
3607	48.4	
3608	48.4	
3609	48.4	
3610	48.4	
3611	48.5	
3612	48.4	
3613	48.5	
3614	48.5	
3615	48.4	
3616	48.6	
3617	48.5	
3618	48.6	
3619	48.6	
3620	48.6	
3621	48.6	
3622	48.6	
3623	48.6	
3624	48.6	
3625	48.7	
3626	48.7	
3627	48.7	
3628	48.7	
3629	48.7	
3630	48.7	
3631	48.7	
3632	48.7	
3633	48.8	
3634	48.8	
3635	48.8	
3636	48.8	
3637	48.8	
3638	48.9	
3639	48.9	
3640	48.9	
3641	48.9	
3642	48.9	
3643	48.9	
3644	49.0	
3645	49.1	
3646	49.1	
3647	49.0	
3648	49.1	
3649	49.1	
3650	49.1	
3651	49.1	
3652	49.1	
3653	49.2	
3654	49.1	
3655	49.2	
3656	49.1	
3657	49.1	
3658	49.1	
3659	49.1	
3660	49.2	
3661	49.2	
3662	49.3	
3663	49.2	
3664	49.3	
3665	49.3	
3666	49.3	
3667	49.2	
3668	49.3	
3669	49.4	
3670	49.4	
3671	49.4	
3672	49.4	
3673	49.4	
3674	49.4	
3675	49.4	
3676	49.4	
3677	49.5	
3678	49.5	
3679	49.5	
3680	49.5	
3681	49.5	
3682	49.5	
3683	49.5	
3684	49.5	
3685	49.5	
3686	49.6	
3687	49.6	
3688	49.6	
3689	49.7	
3690	49.7	
3691	49.7	
3692	49.7	
3693	49.7	
3694	49.7	
3695	49.7	
3696	49.8	
3697	49.8	
3698	49.8	
3699	49.8	
3700	49.8	
3701	49.8	
3702	49.8	
3703	49.8	
3704	49.8	
3705	49.9	
3706	49.9	
3707	49.9	
3708	49.9	
3709	49.9	
3710	50.0	
3711	50.1	
3712	50.0	
3713	50.1	
3714	50.0	
3715	50.1	
3716	50.1	
3717	50.1	
3718	50.1	
3719	50.1	
3720	50.1	
3721	50.1	
3722	50.1	
3723	50.1	
3724	50.1	
3725	50.1	
3726	50.1	
3727	50.2	
3728	50.2	
3729	50.2	
3730	50.3	
3731	50.3	
3732	50.3	
3733	50.3	
3734	50.3	
3735	50.3	
3736	50.3	
3737	50.3	
3738	50.3	
3739	50.4	
3740	50.4	
3741	50.4	
3742	50.4	
3743	50.5	
3744	50.5	
3745	50.5	
3746	50.5	
3747	50.5	
3748	50.5	
3749	50.5	
3750	50.6	
3751	50.6	
3752	50.6	
3753	50.6	
3754	50.6	
3755	50.6	
3756	50.6	
3757	50.6	
3758	50.6	
3759	50.7	
3760	50.7	
3761	50.7	
3762	50.7	
3763	50.7	
3764	50.7	
3765	50.8	
3766	50.8	
3767	50.8	
3768	50.8	
3769	50.8	
3770	50.8	
3771	50.8	
3772	50.9	
3773	50.9	
3774	50.9	
3775	50.9	
3776	50.9	
3777	50.9	
3778	51.0	
3779	51.0	
3780	51.0	
3781	51.0	
3782	51.0	
3783	51.0	
3784	51.0	
3785	51.0	
3786	51.1	
3787	51.1	
3788	51.1	
3789	51.1	
3790	51.1	
3791	51.1	
3792	51.1	
3793	51.2	
3794	51.2	
3795	51.2	
3796	51.2	
3797	51.2	
3798	51.2	
3799	51.2	
3800	51.3	
3801	51.3	
3802	51.3	
3803	51.3	
3804	51.3	
3805	51.4	
3806	51.4	
3807	51.4	
3808	51.4	
3809	51.4	
3810	51.4	
3811	51.4	
3812	51.4	
3813	51.4	
3814	51.6	
3815	51.6	
3816	51.6	
3817	51.6	
3818	51.6	
3819	51.6	
3820	51.6	
3821	51.7	
3822	51.7	
3823	51.7	
3824	51.7	
3825	51.7	
3826	51.7	
3827	51.7	
3828	51.7	
3829	51.8	
3830	51.8	
3831	51.7	
3832	51.9	
3833	51.7	
3834	51.8	
3835	51.8	
3836	51.9	
3837	51.9	
3838	51.9	
3839	51.9	
3840	52.0	
3841	51.9	
3842	51.9	
3843	52.0	
3844	52.0	
3845	51.9	
3846	52.1	
3847	52.1	
3848	52.1	
3849	52.1	
3850	52.1	
3851	52.1	
3852	52.2	
3853	52.1	
3854	52.1	
3855	52.1	
3856	52.1	
3857	52.2	
3858	52.2	
3859	52.2	
3860	52.2	
3861	52.2	
3862	52.2	
3863	52.2	
3864	52.2	
3865	52.3	
3866	52.3	
3867	52.3	
3868	52.3	
3869	52.3	
3870	52.3	
3871	52.4	
3872	52.4	
3873	52.4	
3874	52.4	
3875	52.4	
3876	52.4	
3877	52.4	
3878	52.5	
3879	52.5	
3880	52.4	
3881	52.5	
3882	52.5	
3883	52.5	
3884	52.5	
3885	52.5	
3886	52.5	
3887	52.6	
3888	52.6	
3889	52.6	
3890	52.6	
3891	52.6	
3892	52.7	
3893	52.7	
3894	52.7	
3895	52.7	
3896	52.7	
3897	52.7	
3898	52.7	
3899	52.8	
3900	52.8	
3901	52.7	
3902	52.8	
3903	52.9	
3904	52.8	
3905	52.9	
3906	52.9	
3907	52.9	
3908	52.9	
3909	52.9	
3910	52.9	
3911	52.9	
3912	52.9	
3913	52.9	
3914	52.9	
3915	53.0	
3916	53.0	
3917	53.0	
3918	53.0	
3919	52.9	
3920	53.0	
3921	53.0	
3922	53.0	
3923	53.0	
3924	53.1	
3925	53.0	
3926	53.1	
3927	53.1	
3928	53.2	
3929	53.1	
3930	53.2	
3931	53.2	
3932	53.2	
3933	53.2	
3934	53.2	
3935	53.2	
3936	53.2	
3937	53.3	
3938	53.2	
3939	53.3	
3940	53.3	
3941	53.3	
3942	53.3	
3943	53.3	
3944	53.3	
3945	53.3	
3946	53.4	
3947	53.4	
3948	53.4	
3949	53.4	
3950	53.5	
3951	53.4	
3952	53.4	
3953	53.4	
3954	53.5	
3955	53.5	
3956	53.5	
3957	53.5	
3958	53.5	
3959	53.5	
3960	53.6	
3961	53.5	
3962	53.5	
3963	53.6	
3964	53.7	
3965	53.6	
3966	53.6	
3967	53.7	
3968	53.7	
3969	53.7	
3970	53.7	
3971	53.7	
3972	53.7	
3973	53.7	
3974	53.8	
3975	53.8	
3976	53.8	
3977	53.8	
3978	53.8	
3979	53.8	
3980	53.8	
3981	53.9	
3982	53.9	
3983	53.9	
3984	53.9	
3985	53.9	
3986	53.9	
3987	53.9	
3988	53.9	
3989	53.9	
3990	53.9	
3991	54.0	
3992	54.0	
3993	54.0	
3994	54.0	
3995	54.0	
3996	54.0	
3997	54.0	
3998	54.1	
3999	54.1	
4000	54.1	
4001	54.1	
4002	54.1	
4003	54.1	
4004	54.1	
4005	54.2	
4006	54.2	
4007	54.2	
4008	54.2	
4009	54.2	
4010	54.2	
4011	54.2	
4012	54.3	
4013	54.2	
4014	54.3	
4015	54.3	
4016	54.4	
4017	54.4	
4018	54.3	
4019	54.4	
4020	54.4	
4021	54.4	
4022	54.4	
4023	54.4	
4024	54.4	
4025	54.4	
4026	54.5	
4027	54.5	
4028	54.5	
4029	54.5	
4030	54.5	
4031	54.5	
4032	54.5	
4033	54.6	
4034	54.6	
4035	54.6	
4036	54.6	
4037	54.6	
4038	54.6	
4039	54.7	
4040	54.7	
4041	54.7	
4042	54.7	
4043	54.7	
4044	54.7	
4045	54.8	
4046	54.8	
4047	54.7	
4048	54.8	
4049	54.9	
4050	54.8	
4051	54.8	
4052	54.8	
4053	54.7	
4054	54.9	
4055	55.0	
4056	54.9	
4057	55.0	
4058	55.0	
4059	55.0	
4060	55.0	
4061	55.0	
4062	55.1	
4063	55.1	
4064	55.1	
4065	55.1	
4066	55.1	
4067	55.1	
4068	55.1	
4069	55.1	
4070	55.2	
4071	55.2	
4072	55.2	
4073	55.2	
4074	55.2	
4075	55.2	
4076	55.3	
4077	55.3	
4078	55.3	
4079	55.3	
4080	55.3	
4081	55.4	
4082	55.4	
4083	55.4	
4084	55.4	
4085	55.4	
4086	55.5	
4087	55.5	
4088	55.6	
4089	55.6	
4090	55.6	
4091	55.6	
4092	55.6	
4093	55.6	
4094	55.7	
4095	55.7	
4096	55.7	
4097	55.7	
4098	55.7	
4099	55.7	
4100	55.8	
4101	55.8	
4102	55.8	
4103	55.8	
4104	55.8	
4105	55.8	
4106	55.9	
4107	56.0	
4108	55.9	
4109	56.0	
4110	56.1	
4111	56.0	
4112	56.0	
4113	56.0	
4114	56.0	
4115	56.0	
4116	56.0	
4117	56.1	
4118	56.1	
4119	56.1	
4120	56.1	
4121	56.2	
4122	56.2	
4123	56.1	
4124	56.1	
4125	56.2	
4126	56.2	
4127	56.2	
4128	56.2	
4129	56.3	
4130	56.3	
4131	56.3	
4132	56.3	
4133	56.3	
4134	56.4	
4135	56.4	
4136	56.4	
4137	56.4	
4138	56.5	
4139	56.0	
4140	56.5	
4141	56.6	
4142	56.5	
4143	56.5	
4144	56.6	
4145	56.6	
4146	56.7	
4147	56.6	
4148	56.7	
4149	56.7	
4150	56.8	
4151	56.8	
4152	56.8	
4153	56.8	
4154	56.8	
4155	56.8	
4156	56.8	
4157	56.8	
4158	56.9	
4159	56.9	
4160	56.9	
4161	56.9	
4162	56.9	
4163	56.9	
4164	57.0	
4165	57.0	
4166	57.0	
4167	57.0	
4168	57.0	
4169	57.1	
4170	57.1	
4171	57.1	
4172	57.1	
4173	57.1	
4174	57.2	
4175	57.2	
4176	57.2	
4177	57.2	
4178	57.3	
4179	57.3	
4180	57.3	
4181	57.3	
4182	57.4	
4183	57.4	
4184	57.4	
4185	57.4	
4186	57.4	
4187	57.4	
4188	57.5	
4189	57.5	
4190	57.5	
4191	57.5	
4192	57.5	
4193	57.6	
4194	57.6	
4195	57.6	
4196	57.6	
4197	57.6	
4198	57.7	
4199	57.7	
4200	57.7	
4201	58.0	
4202	57.7	
4203	57.7	
4204	57.7	
4205	57.9	
4206	57.8	
4207	57.8	
4208	57.9	
4209	57.9	
4210	57.9	
4211	57.9	
4212	57.9	
4213	58.0	
4214	58.0	
4215	58.0	
4216	58.0	
4217	58.0	
4218	58.1	
4219	58.1	
4220	58.1	
4221	58.1	
4222	58.1	
4223	58.2	
4224	58.2	
4225	58.2	
4226	58.3	
4227	58.3	
4228	58.3	
4229	58.3	
4230	58.3	
4231	58.4	
4232	58.4	
4233	58.4	
4234	58.4	
4235	58.5	
4236	58.5	
4237	58.5	
4238	58.6	
4239	58.5	
4240	58.6	
4241	58.6	
4242	58.6	
4243	58.7	
4244	58.7	
4245	58.7	
4246	58.7	
4247	58.8	
4248	58.8	
4249	58.8	
4250	58.9	
4251	58.8	
4252	58.8	
4253	58.9	
4254	58.9	
4255	59.0	
4256	59.0	
4257	59.0	
4258	59.0	
4259	59.0	
4260	59.0	
4261	59.1	
4262	59.1	
4263	59.1	
4264	59.2	
4265	59.2	
4266	59.2	
4267	59.2	
4268	59.2	
4269	59.3	
4270	59.3	
4271	59.3	
4272	59.3	
4273	59.3	
4274	59.3	
4275	59.4	
4276	59.5	
4277	59.4	
4278	59.5	
4279	59.4	
4280	59.5	
4281	59.5	
4282	59.6	
4283	59.6	
4284	59.6	
4285	59.6	
4286	59.7	
4287	59.7	
4288	59.7	
4289	59.7	
4290	59.8	
4291	59.8	
4292	59.8	
4293	59.8	
4294	59.8	
4295	59.9	
4296	59.9	
4297	59.9	
4298	59.9	
4299	60.0	
4300	60.0	
4301	60.0	
4302	60.0	
4303	60.1	
4304	60.1	
4305	60.1	
4306	60.2	
4307	60.2	
4308	60.3	
4309	60.2	
4310	60.2	
4311	60.3	
4312	60.3	
4313	60.3	
4314	60.4	
4315	60.4	
4316	60.4	
4317	60.3	
4318	60.5	
4319	60.5	
4320	60.5	
4321	60.6	
4322	60.6	
4323	60.6	
4324	60.6	
4325	60.7	
4326	60.7	
4327	60.7	
4328	60.8	
4329	60.7	
4330	60.8	
4331	60.8	
4332	60.8	
4333	60.8	
4334	60.9	
4335	60.9	
4336	60.9	
4337	61.0	
4338	61.0	
4339	61.0	
4340	61.0	
4341	61.0	
4342	61.1	
4343	61.1	
4344	61.1	
4345	61.1	
4346	61.1	
4347	61.1	
4348	61.2	
4349	61.2	
4350	61.3	
4351	61.3	
4352	61.3	
4353	61.3	
4354	61.4	
4355	61.4	
4356	61.4	
4357	61.4	
4358	61.5	
4359	61.5	
4360	61.5	
4361	61.5	
4362	61.5	
4363	61.6	
4364	61.6	
4365	61.6	
4366	61.7	
4367	61.7	
4368	61.7	
4369	61.7	
4370	61.7	
4371	61.8	
4372	61.8	
4373	61.8	
4374	61.9	
4375	61.9	
4376	61.9	
4377	61.9	
4378	62.0	
4379	62.0	
4380	62.0	
4381	62.0	
4382	62.0	
4383	62.0	
4384	62.1	
4385	62.1	
4386	62.2	
4387	62.2	
4388	62.2	
4389	62.2	
4390	62.2	
4391	62.2	
4392	62.3	
4393	62.3	
4394	62.3	
4395	62.3	
4396	62.4	
4397	62.4	
4398	62.5	
4399	62.5	
4400	62.5	
4401	62.5	
4402	62.5	
4403	62.6	
4404	62.6	
4405	62.8	
4406	62.7	
4407	62.8	
4408	62.8	
4409	62.8	
4410	62.8	
4411	62.7	
4412	62.8	
4413	62.8	
4414	62.8	
4415	62.8	
4416	62.9	
4417	62.9	
4418	63.0	
4419	63.0	
4420	63.0	
4421	63.0	
4422	63.0	
4423	63.1	
4424	63.1	
4425	63.1	
4426	63.1	
4427	63.1	
4428	63.2	
4429	63.2	
4430	63.3	
4431	63.3	
4432	63.3	
4433	63.3	
4434	63.3	
4435	63.3	
4436	63.4	
4437	63.4	
4438	63.5	
4439	63.5	
4440	63.5	
4441	63.5	
4442	63.5	
4443	63.6	
4444	63.6	
4445	63.6	
4446	63.6	
4447	63.7	
4448	63.7	
4449	63.7	
4450	63.7	
4451	63.8	
4452	63.8	
4453	63.8	
4454	63.8	
4455	63.9	
4456	63.9	
4457	63.9	
4458	63.9	
4459	63.9	
4460	64.0	
4461	64.0	
4462	64.1	
4463	64.1	
4464	64.1	
4465	64.1	
4466	64.1	
4467	64.1	
4468	64.1	
4469	64.1	
4470	64.2	
4471	64.2	
4472	64.2	
4473	64.2	
4474	64.3	
4475	64.3	
4476	64.3	
4477	64.4	
4478	64.4	
4479	64.4	
4480	64.4	
4481	64.5	
4482	64.4	
4483	64.6	
4484	64.5	
4485	64.6	
4486	64.6	
4487	64.6	
4488	64.6	
4489	64.8	
4490	64.8	
4491	64.8	
4492	64.9	
4493	64.8	
4494	64.9	
4495	64.9	
4496	64.9	
4497	64.9	
4498	65.0	
4499	65.0	
4500	65.0	
4501	65.0	
4502	65.0	
4503	65.1	
4504	65.1	
4505	65.1	
4506	65.2	
4507	65.2	
4508	65.2	
4509	65.2	
4510	65.2	
4511	65.3	
4512	65.3	
4513	65.3	
4514	65.3	
4515	65.3	
4516	65.3	
4517	65.4	
4518	65.4	
4519	65.5	
4520	65.5	
4521	65.5	
4522	65.5	
4523	65.5	
4524	65.5	
4525	65.6	
4526	65.6	
4527	65.6	
4528	65.7	
4529	65.7	
4530	65.7	
4531	65.7	
4532	65.8	
4533	65.8	
4534	65.9	
4535	65.9	
4536	65.9	
4537	65.9	
4538	66.0	
4539	66.0	
4540	66.0	
4541	66.0	
4542	66.1	
4543	66.1	
4544	66.1	
4545	66.1	
4546	66.2	
4547	66.1	
4548	66.2	
4549	66.2	
4550	66.3	
4551	66.4	
4552	66.4	
4553	66.4	
4554	66.4	
4555	66.4	
4556	66.4	
4557	66.4	
4558	66.4	
4559	66.5	
4560	66.5	
4561	66.5	
4562	66.5	
4563	66.5	
4564	66.6	
4565	66.6	
4566	66.7	
4567	66.7	
4568	66.7	
4569	66.7	
4570	66.8	
4571	66.8	
4572	66.8	
4573	66.8	
4574	66.8	
4575	66.8	
4576	66.9	
4577	66.9	
4578	66.9	
4579	66.9	
4580	67.0	
4581	67.0	
4582	67.0	
4583	67.0	
4584	67.0	
4585	67.0	
4586	67.1	
4587	67.0	
4588	67.1	
4589	67.2	
4590	67.2	
4591	67.1	
4592	67.2	
4593	67.2	
4594	67.3	
4595	67.3	
4596	67.3	
4597	67.3	
4598	67.4	
4599	67.3	
4600	67.4	
4601	67.4	
4602	67.5	
4603	67.5	
4604	67.5	
4605	67.5	
4606	67.6	
4607	67.5	
4608	67.7	
4609	67.6	
4610	67.6	
4611	67.7	
4612	67.7	
4613	67.7	
4614	67.7	
4615	67.8	
4616	67.8	
4617	67.8	
4618	67.9	
4619	67.9	
4620	67.9	
4621	67.9	
4622	67.9	
4623	68.0	
4624	68.0	
4625	68.0	
4626	68.0	
4627	68.0	
4628	68.0	
4629	68.0	
4630	68.0	
4631	68.0	
4632	68.1	
4633	68.2	
4634	68.2	
4635	68.2	
4636	68.2	
4637	68.3	
4638	68.2	
4639	68.3	
4640	68.4	
4641	68.4	
4642	68.4	
4643	68.4	
4644	68.4	
4645	68.4	
4646	68.5	
4647	68.5	
4648	68.5	
4649	68.5	
4650	68.5	
4651	68.6	
4652	68.6	
4653	68.6	
4654	68.7	
4655	68.7	
4656	68.7	
4657	68.7	
4658	68.7	
4659	68.8	
4660	68.8	
4661	68.8	
4662	68.9	
4663	68.8	
4664	68.9	
4665	68.9	
4666	69.0	
4667	68.9	
4668	69.0	
4669	69.0	
4670	69.1	
4671	69.1	
4672	69.2	
4673	69.1	
4674	69.1	
4675	69.2	
4676	69.2	
4677	69.2	
4678	69.2	
4679	69.3	
4680	69.3	
4681	69.3	
4682	69.3	
4683	69.3	
4684	69.4	
4685	69.3	
4686	69.4	
4687	69.3	
4688	69.5	
4689	69.5	
4690	69.5	
4691	69.5	
4692	69.5	
4693	69.6	
4694	69.7	
4695	69.6	
4696	69.6	
4697	69.6	
4698	69.6	
4699	69.6	
4700	69.7	
4701	69.7	
4702	69.7	
4703	69.7	
4704	69.7	
4705	69.7	
4706	69.7	
4707	69.8	
4708	69.8	
4709	69.8	
4710	69.8	
4711	69.9	
4712	69.9	
4713	69.9	
4714	69.9	
4715	69.9	
4716	69.9	
4717	70.0	
4718	69.9	
4719	70.0	
4720	70.0	
4721	70.0	
4722	70.1	
4723	70.1	
4724	70.1	
4725	70.2	
4726	70.2	
4727	70.2	
4728	70.2	
4729	70.3	
4730	70.3	
4731	70.3	
4732	70.2	
4733	70.5	
4734	70.4	
4735	70.4	
4736	70.4	
4737	70.5	
4738	70.5	
4739	70.5	
4740	70.5	
4741	70.5	
4742	70.6	
4743	70.6	
4744	70.6	
4745	70.6	
4746	70.6	
4747	70.7	
4748	70.7	
4749	70.7	
4750	70.8	
4751	70.8	
4752	70.8	
4753	70.8	
4754	70.8	
4755	70.8	
4756	70.9	
4757	70.9	
4758	70.9	
4759	71.0	
4760	71.0	
4761	71.0	
4762	71.0	
4763	71.0	
4764	71.0	
4765	71.0	
4766	71.0	
4767	71.0	
4768	71.1	
4769	71.1	
4770	71.1	
4771	71.1	
4772	71.1	
4773	71.1	
4774	71.2	
4775	71.2	
4776	71.2	
4777	71.3	
4778	71.3	
4779	71.3	
4780	71.3	
4781	71.3	
4782	71.4	
4783	71.4	
4784	71.4	
4785	71.4	
4786	71.4	
4787	71.4	
4788	71.4	
4789	71.5	
4790	71.5	
4791	71.5	
4792	71.5	
4793	71.6	
4794	71.6	
4795	71.6	
4796	71.6	
4797	71.6	
4798	71.6	
4799	71.7	
4800	71.7	
4801	71.7	
4802	71.7	
4803	71.7	
4804	71.7	
4805	71.8	
4806	71.8	
4807	71.8	
4808	71.8	
4809	71.9	
4810	71.9	
4811	71.9	
4812	71.9	
4813	71.9	
4814	72.0	
4815	72.0	
4816	72.0	
4817	72.0	
4818	72.1	
4819	72.0	
4820	72.1	
4821	72.1	
4822	72.1	
4823	72.1	
4824	72.1	
4825	72.1	
4826	72.1	
4827	72.1	
4828	72.2	
4829	72.1	
4830	72.3	
4831	72.3	
4832	72.2	
4833	72.3	
4834	72.3	
4835	72.3	
4836	72.3	
4837	72.3	
4838	72.3	
4839	72.3	
4840	72.4	
4841	72.4	
4842	72.4	
4843	72.3	
4844	72.5	
4845	72.4	
4846	72.5	
4847	72.5	
4848	72.5	
4849	72.6	
4850	72.6	
4851	72.6	
4852	72.6	
4853	72.6	
4854	72.6	
4855	72.7	
4856	72.7	
4857	72.7	
4858	72.7	
4859	72.8	
4860	72.7	
4861	72.8	
4862	72.8	
4863	72.9	
4864	72.9	
4865	72.8	
4866	72.9	
4867	72.9	
4868	73.0	
4869	72.9	
4870	73.0	
4871	73.0	
4872	73.0	
4873	73.1	
4874	73.1	
4875	73.1	
4876	73.1	
4877	73.1	
4878	73.1	
4879	73.1	
4880	73.1	
4881	73.1	
4882	73.1	
4883	73.1	
4884	73.1	
4885	73.2	
4886	73.2	
4887	73.2	
4888	73.2	
4889	73.2	
4890	73.2	
4891	73.2	
4892	73.3	
4893	73.3	
4894	73.3	
4895	73.3	
4896	73.4	
4897	73.3	
4898	73.5	
4899	73.4	
4900	73.4	
4901	73.5	
4902	73.4	
4903	73.5	
4904	73.5	
4905	73.5	
4906	73.5	
4907	73.5	
4908	73.6	
4909	73.7	
4910	73.6	
4911	73.6	
4912	73.7	
4913	73.7	
4914	73.7	
4915	73.6	
4916	73.7	
4917	73.7	
4918	73.7	
4919	73.7	
4920	73.7	
4921	73.7	
4922	73.8	
4923	73.8	
4924	73.9	
4925	73.9	
4926	73.8	
4927	73.9	
4928	73.9	
4929	73.9	
4930	73.9	
4931	73.9	
4932	74.0	
4933	74.0	
4934	73.9	
4935	74.0	
4936	74.1	
4937	74.1	
4938	74.1	
4939	74.1	
4940	74.1	
4941	74.1	
4942	74.1	
4943	74.1	
4944	74.2	
4945	74.1	
4946	74.2	
4947	74.2	
4948	74.2	
4949	74.2	
4950	74.3	
4951	74.3	
4952	74.3	
4953	74.3	
4954	74.3	
4955	74.4	
4956	74.4	
4957	74.4	
4958	74.4	
4959	74.5	
4960	74.5	
4961	74.5	
4962	74.5	
4963	74.6	
4964	74.6	
4965	74.6	
4966	74.6	
4967	74.6	
4968	74.6	
4969	74.6	
4970	74.6	
4971	74.6	
4972	74.6	
4973	74.7	
4974	74.6	
4975	74.6	
4976	74.8	
4977	74.6	
4978	74.7	
4979	74.7	
4980	74.7	
4981	74.8	
4982	74.8	
4983	74.8	
4984	74.8	
4985	74.8	
4986	74.8	
4987	74.9	
4988	74.9	
4989	74.9	
4990	74.9	
4991	74.9	
4992	74.9	
4993	74.9	
4994	74.9	
4995	74.9	
4996	75.0	
4997	75.0	
4998	75.0	
4999	75.0	
5000	75.0	
5001	75.1	
5002	75.0	
5003	75.1	
5004	75.1	
5005	75.1	
5006	75.1	
5007	75.1	
5008	75.1	
5009	75.2	
5010	75.2	
5011	75.2	
5012	75.2	
5013	75.2	
5014	75.3	
5015	75.3	
5016	75.3	
5017	75.4	
5018	75.4	
5019	75.3	
5020	75.4	
5021	75.4	
5022	75.4	
5023	75.3	
5024	75.4	
5025	75.4	
5026	75.5	
5027	75.4	
5028	75.5	
5029	75.5	
5030	75.6	
5031	75.6	
5032	75.6	
5033	75.6	
5034	75.6	
5035	75.6	
5036	75.6	
5037	75.6	
5038	75.6	
5039	75.6	
5040	75.6	
5041	75.7	
5042	75.7	
5043	75.7	
5044	75.7	
5045	75.7	
5046	75.8	
5047	75.8	
5048	75.8	
5049	75.8	
5050	75.8	
5051	75.8	
5052	75.8	
5053	75.8	
5054	75.8	
5055	75.8	
5056	75.8	
5057	75.9	
5058	75.8	
5059	75.9	
5060	75.9	
5061	75.9	
5062	75.9	
5063	76.0	
5064	76.0	
5065	76.0	
5066	76.0	
5067	76.0	
5068	76.1	
5069	76.0	
5070	76.1	
5071	76.0	
5072	76.0	
5073	76.1	
5074	76.1	
5075	76.1	
5076	76.2	
5077	76.2	
5078	76.1	
5079	76.2	
5080	76.1	
5081	76.1	
5082	76.3	
5083	76.4	
5084	76.3	
5085	76.4	
5086	76.3	
5087	76.3	
5088	76.3	
5089	76.3	
5090	76.4	
5091	76.4	
5092	76.4	
5093	76.4	
5094	76.4	
5095	76.4	
5096	76.4	
5097	76.4	
5098	76.5	
5099	76.5	
5100	76.5	
5101	76.5	
5102	76.5	
5103	76.5	
5104	76.5	
5105	76.5	
5106	76.6	
5107	76.6	
5108	76.6	
5109	76.7	
5110	76.7	
5111	76.7	
5112	76.8	
5113	76.7	
5114	76.9	
5115	76.8	
5116	76.7	
5117	76.9	
5118	76.8	
5119	76.7	
5120	76.8	
5121	76.9	
5122	76.9	
5123	76.9	
5124	76.9	
5125	76.9	
5126	76.9	
5127	77.0	
5128	77.0	
5129	76.9	
5130	77.0	
5131	77.0	
5132	76.9	
5133	77.0	
5134	77.1	
5135	77.0	
5136	77.1	
5137	77.0	
5138	77.1	
5139	77.1	
5140	77.1	
5141	77.1	
5142	77.1	
5143	77.1	
5144	77.1	
5145	77.1	
5146	77.2	
5147	77.2	
5148	77.1	
5149	77.1	
5150	77.2	
5151	77.2	
5152	77.2	
5153	77.4	
5154	77.3	
5155	77.4	
5156	77.4	
5157	77.4	
5158	77.4	
5159	77.4	
5160	77.4	
5161	77.4	
5162	77.4	
5163	77.4	
5164	77.4	
5165	77.4	
5166	77.4	
5167	77.4	
5168	77.4	
5169	77.5	
5170	77.5	
5171	77.5	
5172	77.5	
5173	77.5	
5174	77.5	
5175	77.6	
5176	77.6	
5177	77.5	
5178	77.5	
5179	77.6	
5180	77.5	
5181	77.6	
5182	77.6	
5183	77.6	
5184	77.6	
5185	77.6	
5186	77.6	
5187	77.6	
5188	77.6	
5189	77.6	
5190	77.6	
5191	77.6	
5192	77.7	
5193	77.8	
5194	77.8	
5195	77.8	
5196	77.8	
5197	77.8	
5198	77.8	
