Vernier Format 2
penn2.txt 4/15/117 22:57:18
Run 1
Time	Temperature	
T	T	
s	°C	

0	1.1	
1	1.3	
2	1.2	
3	1.3	
4	1.3	
5	1.3	
6	1.3	
7	1.3	
8	1.3	
9	1.3	
10	1.3	
11	1.3	
12	1.3	
13	1.3	
14	1.3	
15	1.3	
16	1.3	
17	1.2	
18	1.2	
19	1.2	
20	1.2	
21	1.3	
22	1.3	
23	1.3	
24	1.3	
25	1.3	
26	1.3	
27	1.3	
28	1.3	
29	1.3	
30	1.3	
31	1.3	
32	1.3	
33	1.6	
34	1.5	
35	1.5	
36	1.6	
37	1.5	
38	1.4	
39	1.4	
40	1.3	
41	1.6	
42	1.4	
43	1.3	
44	1.4	
45	1.3	
46	1.3	
47	1.3	
48	1.3	
49	1.4	
50	1.4	
51	1.4	
52	1.4	
53	1.4	
54	1.4	
55	1.3	
56	1.4	
57	1.4	
58	1.4	
59	1.4	
60	1.4	
61	1.4	
62	1.4	
63	1.5	
64	1.5	
65	1.5	
66	1.5	
67	1.4	
68	1.4	
69	1.4	
70	1.4	
71	1.4	
72	1.5	
73	1.4	
74	1.5	
75	1.5	
76	1.5	
77	1.5	
78	1.5	
79	1.6	
80	1.6	
81	1.6	
82	1.6	
83	1.6	
84	1.6	
85	1.7	
86	1.7	
87	1.7	
88	1.7	
89	1.7	
90	1.7	
91	1.8	
92	1.7	
93	1.8	
94	1.8	
95	1.8	
96	1.8	
97	1.8	
98	1.8	
99	1.8	
100	1.8	
101	1.7	
102	1.9	
103	1.8	
104	1.9	
105	1.9	
106	1.8	
107	1.9	
108	2.0	
109	2.0	
110	2.1	
111	2.1	
112	2.1	
113	2.1	
114	2.1	
115	2.1	
116	2.1	
117	2.2	
118	2.2	
119	2.2	
120	2.2	
121	2.2	
122	2.2	
123	2.4	
124	2.3	
125	2.3	
126	2.4	
127	2.4	
128	2.4	
129	2.6	
130	2.6	
131	2.7	
132	2.7	
133	2.7	
134	2.6	
135	2.6	
136	2.6	
137	2.6	
138	2.7	
139	2.7	
140	2.7	
141	2.7	
142	2.7	
143	2.7	
144	2.7	
145	2.8	
146	2.8	
147	2.8	
148	2.9	
149	2.8	
150	2.9	
151	3.0	
152	3.0	
153	3.0	
154	3.0	
155	3.3	
156	3.1	
157	3.1	
158	3.1	
159	3.3	
160	3.2	
161	3.2	
162	3.1	
163	3.2	
164	3.3	
165	3.2	
166	3.1	
167	3.4	
168	3.4	
169	3.5	
170	3.4	
171	3.5	
172	3.5	
173	3.5	
174	3.5	
175	3.6	
176	3.6	
177	3.7	
178	3.6	
179	3.7	
180	3.8	
181	3.9	
182	4.0	
183	4.0	
184	3.9	
185	3.9	
186	3.9	
187	3.9	
188	4.0	
189	4.0	
190	4.0	
191	4.0	
192	4.0	
193	4.1	
194	4.1	
195	4.2	
196	4.2	
197	4.2	
198	4.2	
199	4.3	
200	4.3	
201	4.4	
202	4.4	
203	4.4	
204	4.5	
205	4.4	
206	4.5	
207	4.4	
208	4.4	
209	4.5	
210	4.5	
211	4.6	
212	4.6	
213	4.6	
214	4.6	
215	4.7	
216	4.7	
217	4.7	
218	4.8	
219	4.9	
220	4.9	
221	4.9	
222	4.9	
223	5.0	
224	5.0	
225	5.0	
226	5.0	
227	5.1	
228	5.1	
229	5.2	
230	5.2	
231	5.2	
232	5.2	
233	5.3	
234	5.3	
235	5.3	
236	5.4	
237	5.4	
238	5.4	
239	5.5	
240	5.6	
241	5.6	
242	5.4	
243	5.6	
244	5.6	
245	5.7	
246	5.7	
247	5.7	
248	5.8	
249	5.8	
250	5.7	
251	5.9	
252	5.9	
253	5.9	
254	5.9	
255	5.9	
256	6.1	
257	6.1	
258	6.0	
259	6.1	
260	6.2	
261	6.1	
262	6.2	
263	6.3	
264	6.3	
265	6.3	
266	6.3	
267	6.3	
268	6.4	
269	6.4	
270	6.4	
271	6.5	
272	6.5	
273	6.5	
274	6.6	
275	6.6	
276	6.7	
277	6.7	
278	6.7	
279	6.8	
280	6.8	
281	6.8	
282	6.9	
283	6.9	
284	6.9	
285	6.9	
286	7.0	
287	7.0	
288	7.1	
289	7.1	
290	7.2	
291	7.2	
292	7.2	
293	7.2	
294	7.3	
295	7.3	
296	7.3	
297	7.4	
298	7.4	
299	7.5	
300	7.5	
301	7.5	
302	7.5	
303	7.6	
304	7.6	
305	7.6	
306	7.7	
307	7.7	
308	7.8	
309	7.7	
310	7.8	
311	7.7	
312	7.8	
313	8.0	
314	8.1	
315	8.2	
316	8.2	
317	8.1	
318	8.1	
319	8.1	
320	8.1	
321	8.2	
322	8.2	
323	8.2	
324	8.3	
325	8.3	
326	8.4	
327	8.4	
328	8.4	
329	8.5	
330	8.5	
331	8.5	
332	8.5	
333	8.5	
334	8.6	
335	8.7	
336	8.7	
337	8.7	
338	8.8	
339	8.8	
340	8.8	
341	8.9	
342	8.9	
343	9.0	
344	9.1	
345	9.1	
346	9.0	
347	9.2	
348	9.2	
349	9.3	
350	9.3	
351	9.3	
352	9.3	
353	9.3	
354	9.4	
355	9.4	
356	9.4	
357	9.4	
358	9.5	
359	9.5	
360	9.5	
361	9.6	
362	9.6	
363	9.8	
364	9.6	
365	9.8	
366	9.7	
367	9.7	
368	9.8	
369	9.8	
370	9.9	
371	9.9	
372	9.9	
373	10.0	
374	10.0	
375	10.0	
376	10.1	
377	10.1	
378	10.1	
379	10.3	
380	10.3	
381	10.3	
382	10.4	
383	10.4	
384	10.5	
385	10.5	
386	10.6	
387	10.6	
388	10.6	
389	10.6	
390	10.6	
391	10.7	
392	10.7	
393	10.8	
394	10.7	
395	10.7	
396	10.8	
397	10.9	
398	10.9	
399	10.9	
400	10.9	
401	11.0	
402	11.0	
403	11.1	
404	11.1	
405	11.1	
406	11.2	
407	11.3	
408	11.3	
409	11.4	
410	11.4	
411	11.4	
412	11.4	
413	11.5	
414	11.5	
415	11.5	
416	11.6	
417	11.6	
418	11.7	
419	11.7	
420	11.9	
421	11.9	
422	12.0	
423	11.9	
424	11.9	
425	11.9	
426	12.0	
427	12.0	
428	12.0	
429	12.1	
430	12.1	
431	12.1	
432	12.2	
433	12.2	
434	12.2	
435	12.2	
436	12.3	
437	12.3	
438	12.4	
439	12.4	
440	12.5	
441	12.5	
442	12.5	
443	12.6	
444	12.6	
445	12.6	
446	12.7	
447	12.7	
448	12.8	
449	12.8	
450	12.9	
451	13.0	
452	13.0	
453	13.0	
454	13.0	
455	13.0	
456	12.4	
457	13.1	
458	13.1	
459	13.1	
460	13.1	
461	13.2	
462	13.2	
463	13.3	
464	13.3	
465	13.4	
466	13.4	
467	13.4	
468	13.4	
469	13.4	
470	13.5	
471	13.6	
472	13.7	
473	13.6	
474	13.7	
475	13.7	
476	13.8	
477	13.8	
478	13.9	
479	13.9	
480	13.9	
481	14.0	
482	14.0	
483	14.0	
484	14.1	
485	14.1	
486	14.2	
487	14.2	
488	14.3	
489	14.3	
490	14.3	
491	14.4	
492	14.4	
493	14.6	
494	14.6	
495	14.6	
496	14.6	
497	14.7	
498	14.7	
499	14.7	
500	14.6	
501	14.8	
502	14.6	
503	14.8	
504	14.8	
505	14.9	
506	14.9	
507	14.9	
508	14.9	
509	15.0	
510	15.0	
511	15.0	
512	15.1	
513	15.1	
514	15.2	
515	15.2	
516	15.3	
517	15.3	
518	15.3	
519	15.3	
520	15.4	
521	15.4	
522	15.4	
523	15.5	
524	15.5	
525	15.6	
526	15.7	
527	15.7	
528	15.7	
529	15.7	
530	15.8	
531	15.4	
532	15.8	
533	15.9	
534	15.9	
535	15.9	
536	16.0	
537	16.0	
538	16.0	
539	16.1	
540	16.1	
541	16.2	
542	16.2	
543	16.3	
544	16.3	
545	16.3	
546	16.4	
547	16.4	
548	16.4	
549	16.5	
550	16.5	
551	16.5	
552	16.6	
553	16.6	
554	16.7	
555	16.7	
556	16.8	
557	16.8	
558	16.8	
559	16.9	
560	16.9	
561	16.9	
562	17.0	
563	17.0	
564	17.1	
565	17.1	
566	17.2	
567	17.2	
568	17.2	
569	17.3	
570	17.4	
571	17.5	
572	17.5	
573	17.5	
574	17.6	
575	17.5	
576	17.7	
577	17.7	
578	17.7	
579	17.7	
580	17.7	
581	17.7	
582	17.7	
583	17.8	
584	17.8	
585	17.9	
586	17.8	
587	17.9	
588	17.9	
589	18.0	
590	18.1	
591	18.0	
592	18.0	
593	18.2	
594	18.2	
595	18.3	
596	18.2	
597	18.2	
598	18.3	
599	18.4	
600	18.5	
601	18.5	
602	18.5	
603	18.6	
604	18.6	
605	18.6	
606	18.7	
607	18.7	
608	18.7	
609	18.8	
610	18.8	
611	18.9	
612	18.9	
613	18.9	
614	19.0	
615	19.0	
616	19.0	
617	19.1	
618	19.1	
619	19.1	
620	19.1	
621	19.2	
622	19.2	
623	19.2	
624	19.2	
625	19.4	
626	19.3	
627	19.4	
628	19.4	
629	19.5	
630	19.5	
631	19.5	
632	19.5	
633	19.6	
634	19.6	
635	19.7	
636	19.7	
637	19.8	
638	19.8	
639	19.8	
640	19.9	
641	19.9	
642	19.9	
643	20.0	
644	20.0	
645	20.1	
646	20.1	
647	20.1	
648	20.2	
649	20.2	
650	20.3	
651	20.3	
652	20.3	
653	20.3	
654	20.4	
655	20.4	
656	20.4	
657	20.4	
658	20.6	
659	20.6	
660	20.6	
661	20.7	
662	20.8	
663	20.7	
664	20.8	
665	20.8	
666	20.8	
667	20.9	
668	20.9	
669	20.9	
670	21.0	
671	21.0	
672	21.1	
673	21.1	
674	21.2	
675	21.2	
676	21.2	
677	21.3	
678	21.4	
679	21.4	
680	21.5	
681	21.5	
682	21.5	
683	21.5	
684	21.6	
685	21.5	
686	21.6	
687	21.6	
688	21.7	
689	21.7	
690	21.8	
691	21.8	
692	21.8	
693	21.9	
694	21.9	
695	21.9	
696	22.0	
697	22.0	
698	22.1	
699	22.1	
700	22.1	
701	22.1	
702	22.2	
703	22.2	
704	22.3	
705	22.3	
706	22.4	
707	22.4	
708	22.4	
709	22.4	
710	22.5	
711	22.5	
712	22.6	
713	22.6	
714	22.7	
715	22.7	
716	22.7	
717	22.7	
718	22.8	
719	22.8	
720	22.8	
721	22.9	
722	22.9	
723	23.0	
724	23.0	
725	23.0	
726	23.1	
727	23.1	
728	23.2	
729	23.2	
730	23.2	
731	23.3	
732	23.3	
733	23.3	
734	23.4	
735	23.4	
736	23.5	
737	23.5	
738	23.5	
739	23.6	
740	23.6	
741	23.7	
742	23.7	
743	23.7	
744	23.8	
745	23.8	
746	23.9	
747	24.0	
748	24.0	
749	24.0	
750	24.0	
751	24.0	
752	24.1	
753	24.0	
754	24.1	
755	24.2	
756	24.2	
757	24.3	
758	24.3	
759	24.3	
760	24.3	
761	24.4	
762	24.4	
763	24.3	
764	24.5	
765	24.5	
766	24.5	
767	24.6	
768	24.7	
769	24.7	
770	24.8	
771	24.7	
772	24.8	
773	24.8	
774	24.9	
775	24.9	
776	24.9	
777	25.0	
778	25.0	
779	25.0	
780	25.1	
781	25.1	
782	25.2	
783	25.2	
784	25.2	
785	25.2	
786	25.3	
787	25.3	
788	25.5	
789	25.5	
790	25.5	
791	25.6	
792	25.5	
793	25.6	
794	25.6	
795	25.7	
796	25.7	
797	25.7	
798	25.8	
799	25.8	
800	25.9	
801	25.9	
802	25.9	
803	26.0	
804	26.0	
805	26.1	
806	26.1	
807	26.1	
808	26.2	
809	26.2	
810	26.2	
811	26.3	
812	26.3	
813	26.2	
814	26.3	
815	26.4	
816	26.4	
817	26.4	
818	26.5	
819	26.5	
820	26.5	
821	26.6	
822	26.6	
823	26.6	
824	26.7	
825	26.7	
826	26.8	
827	26.8	
828	26.9	
829	26.9	
830	26.9	
831	27.0	
832	27.0	
833	27.0	
834	27.1	
835	27.1	
836	27.2	
837	27.2	
838	27.2	
839	27.3	
840	27.4	
841	27.4	
842	27.3	
843	27.4	
844	27.4	
845	27.5	
846	27.5	
847	27.5	
848	27.6	
849	27.6	
850	27.7	
851	27.7	
852	27.7	
853	27.8	
854	27.8	
855	27.9	
856	28.0	
857	28.0	
858	27.9	
859	27.9	
860	28.0	
861	28.0	
862	28.1	
863	28.1	
864	28.1	
865	28.1	
866	28.3	
867	28.2	
868	28.2	
869	28.4	
870	28.4	
871	28.4	
872	28.4	
873	28.5	
874	28.4	
875	28.5	
876	28.6	
877	28.6	
878	28.6	
879	28.7	
880	28.7	
881	28.8	
882	28.8	
883	28.8	
884	28.9	
885	29.0	
886	28.9	
887	29.0	
888	29.1	
889	29.0	
890	29.1	
891	29.2	
892	29.1	
893	29.2	
894	29.2	
895	29.3	
896	29.3	
897	29.4	
898	29.4	
899	29.4	
900	29.5	
901	29.5	
902	29.5	
903	29.5	
904	29.6	
905	29.6	
906	29.6	
907	29.7	
908	29.7	
909	29.7	
910	29.8	
911	29.8	
912	29.9	
913	29.9	
914	29.9	
915	30.0	
916	30.0	
917	30.0	
918	30.1	
919	30.1	
920	30.1	
921	30.2	
922	30.2	
923	30.2	
924	30.3	
925	30.3	
926	30.4	
927	30.4	
928	30.4	
929	30.4	
930	30.5	
931	30.5	
932	30.5	
933	30.6	
934	30.6	
935	30.7	
936	30.7	
937	30.7	
938	30.7	
939	30.8	
940	30.8	
941	30.8	
942	30.9	
943	30.9	
944	31.0	
945	31.0	
946	31.0	
947	31.0	
948	31.1	
949	31.1	
950	31.2	
951	31.2	
952	31.2	
953	31.2	
954	31.3	
955	31.3	
956	31.3	
957	31.3	
958	31.4	
959	31.4	
960	31.5	
961	31.5	
962	31.5	
963	31.6	
964	31.6	
965	31.7	
966	31.7	
967	31.7	
968	31.8	
969	31.8	
970	31.9	
971	31.9	
972	31.9	
973	31.9	
974	31.9	
975	32.0	
976	32.0	
977	32.1	
978	32.1	
979	32.2	
980	32.2	
981	32.2	
982	32.2	
983	32.2	
984	32.3	
985	32.3	
986	32.3	
987	32.4	
988	32.5	
989	32.5	
990	32.5	
991	32.6	
992	32.6	
993	32.6	
994	32.7	
995	32.7	
996	32.7	
997	32.7	
998	32.8	
999	32.8	
1000	32.9	
1001	32.9	
1002	32.9	
1003	32.9	
1004	32.9	
1005	33.0	
1006	33.0	
1007	33.0	
1008	33.1	
1009	33.1	
1010	33.1	
1011	33.1	
1012	33.2	
1013	33.2	
1014	33.2	
1015	33.2	
1016	33.3	
1017	33.3	
1018	33.4	
1019	33.4	
1020	33.4	
1021	33.5	
1022	33.5	
1023	33.5	
1024	33.6	
1025	33.6	
1026	33.6	
1027	33.6	
1028	33.6	
1029	33.7	
1030	33.7	
1031	33.7	
1032	33.7	
1033	33.7	
1034	33.8	
1035	33.8	
1036	33.8	
1037	33.9	
1038	33.9	
1039	33.9	
1040	34.0	
1041	34.0	
1042	34.0	
1043	34.1	
1044	34.1	
1045	34.1	
1046	34.1	
1047	34.2	
1048	34.2	
1049	34.2	
1050	34.2	
1051	34.3	
1052	34.3	
1053	34.3	
1054	34.4	
1055	34.4	
1056	34.4	
1057	34.4	
1058	34.5	
1059	34.5	
1060	34.5	
1061	34.5	
1062	34.6	
1063	34.6	
1064	34.6	
1065	34.7	
1066	34.7	
1067	34.7	
1068	34.7	
1069	34.7	
1070	34.8	
1071	34.8	
1072	34.8	
1073	34.8	
1074	34.8	
1075	34.8	
1076	34.9	
1077	34.9	
1078	35.0	
1079	35.0	
1080	35.0	
1081	35.1	
1082	35.0	
1083	35.1	
1084	35.2	
1085	35.2	
1086	35.2	
1087	35.2	
1088	35.2	
1089	35.2	
1090	35.2	
1091	35.3	
1092	35.3	
1093	35.3	
1094	35.3	
1095	35.4	
1096	35.4	
1097	35.4	
1098	35.4	
1099	35.5	
1100	35.5	
1101	35.5	
1102	35.5	
1103	35.5	
1104	35.6	
1105	35.6	
1106	35.6	
1107	35.7	
1108	35.7	
1109	35.7	
1110	35.7	
1111	35.8	
1112	35.8	
1113	35.8	
1114	35.8	
1115	35.8	
1116	35.8	
1117	35.9	
1118	35.9	
1119	35.9	
1120	35.9	
1121	35.9	
1122	35.9	
1123	36.0	
1124	36.0	
1125	36.0	
1126	36.0	
1127	36.0	
1128	36.1	
1129	36.1	
1130	36.1	
1131	36.1	
1132	36.2	
1133	36.2	
1134	36.2	
1135	36.2	
1136	36.2	
1137	36.3	
1138	36.3	
1139	36.3	
1140	36.3	
1141	36.3	
1142	36.4	
1143	36.4	
1144	36.4	
1145	36.4	
1146	36.5	
1147	36.5	
1148	36.5	
1149	36.6	
1150	36.6	
1151	36.6	
1152	36.7	
1153	36.7	
1154	36.6	
1155	36.7	
1156	36.7	
1157	36.6	
1158	36.7	
1159	36.7	
1160	36.7	
1161	36.7	
1162	36.7	
1163	36.7	
1164	36.8	
1165	36.7	
1166	36.7	
1167	36.8	
1168	36.9	
1169	36.9	
1170	36.9	
1171	36.9	
1172	36.9	
1173	37.0	
1174	36.9	
1175	37.0	
1176	37.0	
1177	37.0	
1178	37.0	
1179	37.1	
1180	37.1	
1181	37.1	
1182	37.1	
1183	37.1	
1184	37.2	
1185	37.2	
1186	37.2	
1187	37.2	
1188	37.2	
1189	37.3	
1190	37.3	
1191	37.3	
1192	37.3	
1193	37.3	
1194	37.3	
1195	37.3	
1196	37.3	
1197	37.4	
1198	37.4	
1199	37.4	
1200	37.4	
1201	37.5	
1202	37.5	
1203	37.4	
1204	37.5	
1205	37.6	
1206	37.5	
1207	37.6	
1208	37.6	
1209	37.6	
1210	37.6	
1211	37.6	
1212	37.7	
1213	37.8	
1214	37.7	
1215	37.8	
1216	37.7	
1217	37.8	
1218	37.8	
1219	37.8	
1220	37.8	
1221	37.9	
1222	37.8	
1223	37.9	
1224	37.9	
1225	37.9	
1226	37.9	
1227	37.9	
1228	38.0	
1229	38.0	
1230	38.0	
1231	38.0	
1232	38.0	
1233	38.1	
1234	38.2	
1235	38.1	
1236	38.1	
1237	38.1	
1238	38.2	
1239	38.2	
1240	38.2	
1241	38.1	
1242	38.2	
1243	38.2	
1244	38.2	
1245	38.2	
1246	38.3	
1247	38.3	
1248	38.4	
1249	38.3	
1250	38.3	
1251	38.3	
1252	38.3	
1253	38.4	
1254	38.4	
1255	38.4	
1256	38.4	
1257	38.4	
1258	38.4	
1259	38.4	
1260	38.4	
1261	38.5	
1262	38.5	
1263	38.5	
1264	38.5	
1265	38.5	
1266	38.5	
1267	38.6	
1268	38.6	
1269	38.6	
1270	38.6	
1271	38.6	
1272	38.7	
1273	38.7	
1274	38.7	
1275	38.7	
1276	38.7	
1277	38.7	
1278	38.7	
1279	38.8	
1280	38.8	
1281	38.8	
1282	38.8	
1283	38.8	
1284	38.8	
1285	38.8	
1286	38.8	
1287	38.9	
1288	38.9	
1289	38.9	
1290	38.9	
1291	38.9	
1292	38.9	
1293	39.0	
1294	38.9	
1295	39.0	
1296	38.9	
1297	39.0	
1298	39.0	
1299	39.0	
1300	39.0	
1301	39.0	
1302	39.1	
1303	39.1	
1304	39.1	
1305	39.1	
1306	39.1	
1307	39.1	
1308	39.2	
1309	39.2	
1310	39.2	
1311	39.2	
1312	39.2	
1313	39.2	
1314	39.3	
1315	39.2	
1316	39.3	
1317	39.3	
1318	39.3	
1319	39.3	
1320	39.2	
1321	39.3	
1322	39.3	
1323	39.4	
1324	39.4	
1325	39.3	
1326	39.4	
1327	39.4	
1328	39.4	
1329	39.4	
1330	39.4	
1331	39.5	
1332	39.5	
1333	39.5	
1334	39.5	
1335	39.5	
1336	39.5	
1337	39.6	
1338	39.6	
1339	39.6	
1340	39.6	
1341	39.6	
1342	39.6	
1343	39.6	
1344	39.7	
1345	39.7	
1346	39.7	
1347	39.6	
1348	39.7	
1349	39.7	
1350	39.7	
1351	39.8	
1352	39.8	
1353	39.9	
1354	39.8	
1355	39.8	
1356	39.8	
1357	39.8	
1358	39.9	
1359	39.9	
1360	39.9	
1361	39.9	
1362	39.9	
1363	40.0	
1364	40.0	
1365	40.0	
1366	40.0	
1367	40.0	
1368	40.0	
1369	40.0	
1370	40.0	
1371	40.0	
1372	40.1	
1373	40.0	
1374	40.1	
1375	40.0	
1376	40.1	
1377	40.1	
1378	40.2	
1379	40.1	
1380	40.2	
1381	40.2	
1382	40.2	
1383	40.2	
1384	40.3	
1385	40.3	
1386	40.3	
1387	40.3	
1388	40.3	
1389	40.3	
1390	40.2	
1391	40.4	
1392	40.3	
1393	40.3	
1394	40.3	
1395	40.4	
1396	40.4	
1397	40.4	
1398	40.4	
1399	40.4	
1400	40.4	
1401	40.5	
1402	40.4	
1403	40.5	
1404	40.5	
1405	40.5	
1406	40.5	
1407	40.5	
1408	40.5	
1409	40.5	
1410	40.5	
1411	40.6	
1412	40.6	
1413	40.6	
1414	40.6	
1415	40.7	
1416	40.7	
1417	40.7	
1418	40.7	
1419	40.7	
1420	40.7	
1421	40.7	
1422	40.7	
1423	40.7	
1424	40.7	
1425	40.8	
1426	40.8	
1427	40.8	
1428	40.8	
1429	40.8	
1430	40.8	
1431	40.8	
1432	40.8	
1433	40.9	
1434	40.9	
1435	40.9	
1436	40.9	
1437	40.9	
1438	41.0	
1439	41.0	
1440	41.0	
1441	41.0	
1442	41.0	
1443	41.0	
1444	41.0	
1445	41.0	
1446	41.0	
1447	41.0	
1448	41.1	
1449	41.1	
1450	41.1	
1451	41.1	
1452	41.1	
1453	41.1	
1454	41.1	
1455	41.1	
1456	41.2	
1457	41.2	
1458	41.2	
1459	41.2	
1460	41.2	
1461	41.2	
1462	41.2	
1463	41.2	
1464	41.3	
1465	41.3	
1466	41.3	
1467	41.3	
1468	41.3	
1469	41.3	
1470	41.3	
1471	41.3	
1472	41.3	
1473	41.3	
1474	41.4	
1475	41.4	
1476	41.4	
1477	41.4	
1478	41.4	
1479	41.4	
1480	41.4	
1481	41.4	
1482	41.5	
1483	41.5	
1484	41.5	
1485	41.5	
1486	41.5	
1487	41.5	
1488	41.5	
1489	41.5	
1490	41.5	
1491	41.5	
1492	41.6	
1493	41.6	
1494	41.6	
1495	41.6	
1496	41.6	
1497	41.6	
1498	41.6	
1499	41.6	
1500	41.6	
1501	41.6	
1502	41.7	
1503	41.7	
1504	41.7	
1505	41.7	
1506	41.8	
1507	41.7	
1508	41.8	
1509	41.7	
1510	41.8	
1511	41.8	
1512	41.8	
1513	41.8	
1514	41.9	
1515	41.8	
1516	41.9	
1517	41.9	
1518	41.9	
1519	41.9	
1520	41.9	
1521	41.9	
1522	41.9	
1523	41.9	
1524	42.0	
1525	42.0	
1526	42.0	
1527	42.0	
1528	42.0	
1529	42.0	
1530	42.0	
1531	42.1	
1532	42.1	
1533	41.9	
1534	42.1	
1535	42.1	
1536	42.2	
1537	42.1	
1538	42.1	
1539	42.1	
1540	42.2	
1541	42.2	
1542	42.3	
1543	42.2	
1544	42.2	
1545	42.3	
1546	42.3	
1547	42.3	
1548	42.3	
1549	42.3	
1550	42.3	
1551	42.3	
1552	42.3	
1553	42.3	
1554	42.4	
1555	42.4	
1556	42.4	
1557	42.4	
1558	42.4	
1559	42.4	
1560	42.4	
1561	42.5	
1562	42.5	
1563	42.5	
1564	42.5	
1565	42.5	
1566	42.5	
1567	42.6	
1568	42.6	
1569	42.6	
1570	42.6	
1571	42.6	
1572	42.6	
1573	42.6	
1574	42.6	
1575	42.6	
1576	42.7	
1577	42.7	
1578	42.7	
1579	42.7	
1580	42.7	
1581	42.7	
1582	42.7	
1583	42.7	
1584	42.8	
1585	42.7	
1586	42.8	
1587	42.8	
1588	42.8	
1589	42.9	
1590	42.9	
1591	42.9	
1592	42.9	
1593	42.9	
1594	42.9	
1595	42.9	
1596	42.9	
1597	42.9	
1598	43.0	
1599	43.0	
1600	43.0	
1601	43.1	
1602	43.0	
1603	43.1	
1604	43.1	
1605	43.1	
1606	43.2	
1607	43.3	
1608	43.2	
1609	43.2	
1610	43.2	
1611	43.2	
1612	43.2	
1613	43.2	
1614	43.2	
1615	43.2	
1616	43.2	
1617	43.3	
1618	43.3	
1619	43.3	
1620	43.3	
1621	43.3	
1622	43.3	
1623	43.3	
1624	43.3	
1625	43.4	
1626	43.4	
1627	43.4	
1628	43.5	
1629	43.4	
1630	43.4	
1631	43.5	
1632	43.4	
1633	43.4	
1634	43.5	
1635	43.5	
1636	43.6	
1637	43.5	
1638	43.5	
1639	43.5	
1640	43.6	
1641	43.7	
1642	43.6	
1643	43.6	
1644	43.6	
1645	43.6	
1646	43.7	
1647	43.6	
1648	43.7	
1649	43.7	
1650	43.7	
1651	43.7	
1652	43.8	
1653	43.7	
1654	43.8	
1655	43.8	
1656	43.8	
1657	43.8	
1658	43.8	
1659	43.8	
1660	43.9	
1661	43.9	
1662	43.9	
1663	43.9	
1664	43.9	
1665	43.9	
1666	43.9	
1667	44.0	
1668	44.0	
1669	44.0	
1670	44.0	
1671	44.0	
1672	44.0	
1673	44.1	
1674	44.1	
1675	44.1	
1676	44.1	
1677	44.1	
1678	44.1	
1679	44.1	
1680	44.2	
1681	44.2	
1682	44.2	
1683	44.2	
1684	44.2	
1685	44.2	
1686	44.3	
1687	44.3	
1688	44.3	
1689	44.3	
1690	44.3	
1691	44.3	
1692	44.4	
1693	44.4	
1694	44.4	
1695	44.4	
1696	44.5	
1697	44.5	
1698	44.5	
1699	44.5	
1700	44.5	
1701	44.5	
1702	44.5	
1703	44.6	
1704	44.6	
1705	44.6	
1706	44.6	
1707	44.6	
1708	44.6	
1709	44.7	
1710	44.7	
1711	44.7	
1712	44.7	
1713	44.7	
1714	44.7	
1715	44.8	
1716	44.8	
1717	44.8	
1718	44.8	
1719	44.8	
1720	44.8	
1721	44.9	
1722	44.9	
1723	44.9	
1724	45.0	
1725	44.9	
1726	45.0	
1727	45.0	
1728	45.1	
1729	45.0	
1730	45.0	
1731	45.0	
1732	45.1	
1733	45.1	
1734	45.1	
1735	45.1	
1736	45.2	
1737	45.2	
1738	45.1	
1739	45.1	
1740	45.1	
1741	45.1	
1742	45.2	
1743	45.1	
1744	45.2	
1745	45.2	
1746	45.1	
1747	45.2	
1748	45.2	
1749	45.2	
1750	45.3	
1751	45.2	
1752	45.3	
1753	45.3	
1754	45.3	
1755	45.3	
1756	45.3	
1757	45.3	
1758	45.3	
1759	45.3	
1760	45.4	
1761	45.4	
1762	45.4	
1763	45.4	
1764	45.4	
1765	45.5	
1766	45.5	
1767	45.5	
1768	45.5	
1769	45.5	
1770	45.5	
1771	45.5	
1772	45.5	
1773	45.5	
1774	45.6	
1775	45.6	
1776	45.6	
1777	45.6	
1778	45.6	
1779	45.7	
1780	45.8	
1781	45.7	
1782	45.6	
1783	45.8	
1784	45.8	
1785	45.8	
1786	45.8	
1787	45.7	
1788	45.8	
1789	45.8	
1790	45.8	
1791	45.8	
1792	45.9	
1793	45.9	
1794	45.9	
1795	45.9	
1796	45.9	
1797	45.9	
1798	45.9	
1799	46.0	
1800	46.0	
1801	46.0	
1802	46.0	
1803	46.1	
1804	46.1	
1805	46.1	
1806	46.1	
1807	46.1	
1808	46.1	
1809	46.1	
1810	46.1	
1811	46.2	
1812	46.2	
1813	46.2	
1814	46.2	
1815	46.2	
1816	46.2	
1817	46.2	
1818	46.2	
1819	46.3	
1820	46.3	
1821	46.3	
1822	46.4	
1823	46.4	
1824	46.3	
1825	46.4	
1826	46.4	
1827	46.5	
1828	46.4	
1829	46.4	
1830	46.4	
1831	46.4	
1832	46.4	
1833	46.5	
1834	46.5	
1835	46.5	
1836	46.5	
1837	46.6	
1838	46.6	
1839	46.6	
1840	46.6	
1841	46.6	
1842	46.6	
1843	46.6	
1844	46.6	
1845	46.7	
1846	46.8	
1847	46.7	
1848	46.7	
1849	46.8	
1850	46.8	
1851	46.8	
1852	46.9	
1853	46.9	
1854	46.8	
1855	46.9	
1856	46.9	
1857	46.9	
1858	46.9	
1859	46.9	
1860	46.9	
1861	46.9	
1862	46.9	
1863	46.9	
1864	47.0	
1865	47.0	
1866	47.0	
1867	47.0	
1868	47.0	
1869	47.0	
1870	47.0	
1871	47.0	
1872	47.1	
1873	47.1	
1874	47.1	
1875	47.1	
1876	47.2	
1877	47.2	
1878	47.1	
1879	47.2	
1880	47.2	
1881	47.2	
1882	47.2	
1883	47.3	
1884	47.3	
1885	47.2	
1886	47.4	
1887	47.3	
1888	47.3	
1889	47.3	
1890	47.4	
1891	47.4	
1892	47.4	
1893	47.4	
1894	47.4	
1895	47.4	
1896	47.4	
1897	47.5	
1898	47.5	
1899	47.6	
1900	47.5	
1901	47.6	
1902	47.5	
1903	47.6	
1904	47.5	
1905	47.5	
1906	47.6	
1907	47.6	
1908	47.7	
1909	47.6	
1910	47.6	
1911	47.7	
1912	47.7	
1913	47.7	
1914	47.7	
1915	47.7	
1916	47.8	
1917	47.7	
1918	47.8	
1919	47.8	
1920	47.9	
1921	47.9	
1922	47.9	
1923	47.9	
1924	47.9	
1925	47.9	
1926	47.9	
1927	47.9	
1928	48.0	
1929	48.0	
1930	48.0	
1931	48.0	
1932	48.1	
1933	48.1	
1934	48.1	
1935	48.1	
1936	48.1	
1937	48.1	
1938	48.2	
1939	48.2	
1940	48.2	
1941	48.2	
1942	48.3	
1943	48.2	
1944	48.2	
1945	48.3	
1946	48.3	
1947	48.2	
1948	48.3	
1949	48.3	
1950	48.3	
1951	48.4	
1952	48.3	
1953	48.4	
1954	48.4	
1955	48.4	
1956	48.4	
1957	48.4	
1958	48.4	
1959	48.4	
1960	48.5	
1961	48.5	
1962	48.5	
1963	48.5	
1964	48.5	
1965	48.5	
1966	48.5	
1967	48.6	
1968	48.6	
1969	48.6	
1970	48.6	
1971	48.6	
1972	48.6	
1973	48.7	
1974	48.7	
1975	48.7	
1976	48.7	
1977	48.7	
1978	48.7	
1979	48.7	
1980	48.8	
1981	48.8	
1982	48.8	
1983	48.8	
1984	48.8	
1985	48.8	
1986	48.9	
1987	48.9	
1988	48.9	
1989	48.9	
1990	48.9	
1991	48.9	
1992	48.9	
1993	49.0	
1994	49.0	
1995	49.0	
1996	49.0	
1997	49.1	
1998	49.1	
1999	49.0	
2000	49.0	
2001	49.1	
2002	49.1	
2003	49.1	
2004	49.2	
2005	49.1	
2006	49.1	
2007	49.3	
2008	49.2	
2009	49.3	
2010	49.3	
2011	49.3	
2012	49.3	
2013	49.3	
2014	49.3	
2015	49.3	
2016	49.3	
2017	49.3	
2018	49.4	
2019	49.4	
2020	49.4	
2021	49.4	
2022	49.4	
2023	49.4	
2024	49.4	
2025	49.5	
2026	49.5	
2027	49.5	
2028	49.5	
2029	49.5	
2030	49.5	
2031	49.5	
2032	49.6	
2033	49.6	
2034	49.6	
2035	49.6	
2036	49.6	
2037	49.6	
2038	49.7	
2039	49.7	
2040	49.7	
2041	49.7	
2042	49.8	
2043	49.8	
2044	49.8	
2045	49.9	
2046	49.8	
2047	49.9	
2048	49.8	
2049	49.8	
2050	49.8	
2051	49.8	
2052	49.8	
2053	49.8	
2054	49.9	
2055	49.8	
2056	49.9	
2057	49.9	
2058	49.9	
2059	50.0	
2060	50.0	
2061	50.0	
2062	50.0	
2063	50.0	
2064	50.1	
2065	50.0	
2066	50.1	
2067	50.1	
2068	50.1	
2069	50.1	
2070	50.2	
2071	50.1	
2072	50.1	
2073	50.1	
2074	50.1	
2075	50.1	
2076	50.2	
2077	50.2	
2078	50.2	
2079	50.3	
2080	50.3	
2081	50.3	
2082	50.3	
2083	50.3	
2084	50.3	
2085	50.3	
2086	50.3	
2087	50.3	
2088	50.4	
2089	50.4	
2090	50.4	
2091	50.4	
2092	50.4	
2093	50.4	
2094	50.5	
2095	50.5	
2096	50.0	
2097	50.5	
2098	50.6	
2099	50.5	
2100	50.6	
2101	50.6	
2102	50.6	
2103	50.6	
2104	50.6	
2105	50.6	
2106	50.6	
2107	50.6	
2108	50.6	
2109	50.7	
2110	50.7	
2111	50.7	
2112	50.7	
2113	50.7	
2114	50.8	
2115	50.8	
2116	50.8	
2117	50.8	
2118	50.8	
2119	50.8	
2120	50.8	
2121	50.8	
2122	50.9	
2123	50.9	
2124	50.9	
2125	50.9	
2126	50.9	
2127	51.0	
2128	51.0	
2129	51.0	
2130	51.0	
2131	51.0	
2132	51.0	
2133	51.0	
2134	51.1	
2135	51.1	
2136	51.0	
2137	51.1	
2138	51.1	
2139	51.1	
2140	51.1	
2141	51.1	
2142	51.1	
2143	51.1	
2144	51.1	
2145	51.2	
2146	51.2	
2147	51.2	
2148	51.2	
2149	51.2	
2150	51.2	
2151	51.3	
2152	51.3	
2153	51.3	
2154	51.3	
2155	51.4	
2156	51.4	
2157	51.3	
2158	51.4	
2159	51.4	
2160	51.4	
2161	51.6	
2162	51.4	
2163	51.5	
2164	51.4	
2165	51.5	
2166	51.6	
2167	51.6	
2168	51.6	
2169	51.6	
2170	51.7	
2171	51.7	
2172	51.7	
2173	51.7	
2174	51.7	
2175	51.7	
2176	51.7	
2177	51.7	
2178	51.7	
2179	51.7	
2180	51.8	
2181	51.8	
2182	51.8	
2183	51.8	
2184	51.9	
2185	52.0	
2186	51.9	
2187	52.0	
2188	52.0	
2189	52.0	
2190	51.9	
2191	52.0	
2192	52.0	
2193	52.0	
2194	52.0	
2195	52.1	
2196	52.1	
2197	52.1	
2198	52.1	
2199	52.1	
2200	52.1	
2201	52.1	
2202	52.1	
2203	52.2	
2204	52.2	
2205	52.2	
2206	52.2	
2207	52.2	
2208	52.2	
2209	52.2	
2210	52.3	
2211	52.3	
2212	52.3	
2213	52.3	
2214	52.4	
2215	52.4	
2216	52.3	
2217	52.4	
2218	52.4	
2219	52.4	
2220	52.4	
2221	52.4	
2222	52.4	
2223	52.4	
2224	52.5	
2225	52.5	
2226	52.5	
2227	52.5	
2228	52.5	
2229	52.5	
2230	52.6	
2231	52.6	
2232	52.6	
2233	52.5	
2234	52.6	
2235	52.6	
2236	52.6	
2237	52.6	
2238	52.7	
2239	52.6	
2240	52.7	
2241	52.6	
2242	52.7	
2243	52.7	
2244	52.6	
2245	52.7	
2246	52.7	
2247	52.7	
2248	52.7	
2249	52.7	
2250	52.7	
2251	52.8	
2252	52.8	
2253	52.8	
2254	52.8	
2255	52.8	
2256	52.8	
2257	52.8	
2258	52.9	
2259	52.9	
2260	52.9	
2261	52.9	
2262	52.9	
2263	52.9	
2264	52.9	
2265	52.9	
2266	52.9	
2267	52.9	
2268	52.9	
2269	53.0	
2270	53.0	
2271	53.1	
2272	53.0	
2273	53.0	
2274	53.0	
2275	53.0	
2276	53.1	
2277	53.1	
2278	53.1	
2279	53.1	
2280	53.1	
2281	53.2	
2282	53.2	
2283	53.2	
2284	53.2	
2285	53.2	
2286	53.2	
2287	53.2	
2288	53.3	
2289	53.3	
2290	53.3	
2291	53.3	
2292	53.3	
2293	53.3	
2294	53.3	
2295	53.4	
2296	53.4	
2297	53.4	
2298	53.4	
2299	53.4	
2300	53.5	
2301	53.5	
2302	53.5	
2303	53.5	
2304	53.5	
2305	53.5	
2306	53.5	
2307	53.6	
2308	53.5	
2309	53.5	
2310	53.7	
2311	53.6	
2312	53.6	
2313	53.6	
2314	53.6	
2315	53.7	
2316	53.7	
2317	53.7	
2318	53.7	
2319	53.7	
2320	53.7	
2321	53.7	
2322	53.7	
2323	53.7	
2324	53.7	
2325	53.7	
2326	53.7	
2327	53.8	
2328	53.8	
2329	53.7	
2330	53.8	
2331	53.9	
2332	53.8	
2333	53.9	
2334	53.9	
2335	53.9	
2336	53.9	
2337	53.9	
2338	53.9	
2339	53.9	
2340	53.9	
2341	53.9	
2342	53.9	
2343	53.9	
2344	54.0	
2345	54.0	
2346	54.0	
2347	54.0	
2348	54.0	
2349	54.0	
2350	54.0	
2351	54.1	
2352	54.1	
2353	54.1	
2354	54.1	
2355	54.1	
2356	54.1	
2357	54.1	
2358	54.1	
2359	54.2	
2360	54.2	
2361	54.2	
2362	54.2	
2363	54.2	
2364	54.2	
2365	54.2	
2366	54.3	
2367	54.3	
2368	54.3	
2369	54.3	
2370	54.3	
2371	54.3	
2372	54.3	
2373	54.4	
2374	54.4	
2375	54.4	
2376	54.4	
2377	54.4	
2378	54.4	
2379	54.4	
2380	54.4	
2381	54.5	
2382	54.5	
2383	54.4	
2384	54.5	
2385	54.5	
2386	54.5	
2387	54.5	
2388	54.5	
2389	54.6	
2390	54.6	
2391	54.7	
2392	54.6	
2393	54.6	
2394	54.6	
2395	54.7	
2396	54.6	
2397	54.6	
2398	54.7	
2399	54.7	
2400	54.7	
2401	54.7	
2402	54.7	
2403	54.7	
2404	54.7	
2405	54.7	
2406	54.7	
2407	54.8	
2408	54.8	
2409	54.8	
2410	54.8	
2411	54.8	
2412	54.8	
2413	54.8	
2414	54.9	
2415	54.9	
2416	54.9	
2417	54.9	
2418	54.9	
2419	55.0	
2420	55.0	
2421	55.0	
2422	55.0	
2423	55.0	
2424	55.1	
2425	55.0	
2426	55.1	
2427	55.1	
2428	55.1	
2429	55.1	
2430	55.1	
2431	55.0	
2432	55.0	
2433	55.1	
2434	55.1	
2435	55.1	
2436	55.1	
2437	55.1	
2438	55.1	
2439	55.2	
2440	55.2	
2441	55.2	
2442	55.2	
2443	55.2	
2444	55.2	
2445	55.3	
2446	55.2	
2447	55.3	
2448	55.3	
2449	55.4	
2450	55.3	
2451	55.4	
2452	55.3	
2453	55.3	
2454	55.5	
2455	55.5	
2456	55.4	
2457	55.5	
2458	55.4	
2459	55.4	
2460	55.5	
2461	55.4	
2462	55.5	
2463	55.5	
2464	55.5	
2465	55.5	
2466	55.6	
2467	55.5	
2468	55.6	
2469	55.6	
2470	55.0	
2471	55.6	
2472	55.6	
2473	55.6	
2474	55.7	
2475	55.7	
2476	55.7	
2477	55.7	
2478	55.7	
2479	55.7	
2480	55.7	
2481	55.7	
2482	55.7	
2483	55.8	
2484	55.8	
2485	55.8	
2486	55.8	
2487	55.8	
2488	55.8	
2489	55.8	
2490	55.8	
2491	55.8	
2492	55.8	
2493	55.8	
2494	55.9	
2495	55.9	
2496	55.9	
2497	55.9	
2498	55.9	
2499	55.9	
2500	56.0	
2501	56.0	
2502	56.0	
2503	56.0	
2504	56.0	
2505	56.0	
2506	56.0	
2507	56.0	
2508	56.0	
2509	56.0	
2510	56.1	
2511	56.1	
2512	56.1	
2513	56.1	
2514	56.1	
2515	56.1	
2516	56.1	
2517	56.1	
2518	56.2	
2519	56.2	
2520	56.2	
2521	56.2	
2522	56.2	
2523	56.2	
2524	56.2	
2525	56.2	
2526	56.3	
2527	56.3	
2528	56.3	
2529	56.3	
2530	56.3	
2531	56.3	
2532	56.3	
2533	56.3	
2534	56.3	
2535	56.4	
2536	56.4	
2537	56.4	
2538	56.4	
2539	56.4	
2540	56.4	
2541	56.4	
2542	56.5	
2543	56.5	
2544	56.5	
2545	56.5	
2546	56.5	
2547	56.5	
2548	56.5	
2549	56.5	
2550	56.5	
2551	56.5	
2552	56.5	
2553	56.6	
2554	56.6	
2555	56.6	
2556	56.6	
2557	56.6	
2558	56.6	
2559	56.6	
2560	56.7	
2561	56.7	
2562	56.7	
2563	56.7	
2564	56.7	
2565	56.7	
2566	56.7	
2567	56.7	
2568	56.7	
2569	56.8	
2570	56.7	
2571	56.8	
2572	56.8	
2573	56.8	
2574	56.8	
2575	56.8	
2576	56.8	
2577	56.8	
2578	56.8	
2579	56.8	
2580	56.9	
2581	56.9	
2582	56.9	
2583	56.9	
2584	56.9	
2585	56.9	
2586	56.9	
2587	56.9	
2588	57.0	
2589	57.0	
2590	57.0	
2591	57.0	
2592	57.0	
2593	57.0	
2594	57.1	
2595	57.1	
2596	57.1	
2597	57.1	
2598	57.1	
2599	57.1	
2600	57.1	
2601	57.1	
2602	57.1	
2603	57.1	
2604	57.2	
2605	57.2	
2606	57.2	
2607	57.2	
2608	57.2	
2609	57.2	
2610	57.2	
2611	57.2	
2612	57.3	
2613	57.3	
2614	57.3	
2615	57.3	
2616	57.3	
2617	57.3	
2618	57.3	
2619	57.3	
2620	57.4	
2621	57.4	
2622	57.4	
2623	57.4	
2624	57.4	
2625	57.4	
2626	57.4	
2627	57.5	
2628	57.5	
2629	57.5	
2630	57.5	
2631	57.5	
2632	57.5	
2633	57.5	
2634	57.5	
2635	57.5	
2636	57.5	
2637	57.5	
2638	57.6	
2639	57.6	
2640	57.6	
2641	57.6	
2642	57.6	
2643	57.6	
2644	57.6	
2645	57.6	
2646	57.7	
2647	57.7	
2648	57.7	
2649	57.7	
2650	57.7	
2651	57.7	
2652	57.7	
2653	57.7	
2654	57.7	
2655	57.7	
2656	57.8	
2657	57.8	
2658	57.8	
2659	57.8	
2660	57.8	
2661	57.8	
2662	57.8	
2663	57.9	
2664	57.9	
2665	57.9	
2666	57.9	
2667	57.9	
2668	57.9	
2669	57.9	
2670	57.9	
2671	57.9	
2672	57.9	
2673	57.9	
2674	57.9	
2675	57.9	
2676	57.9	
2677	58.0	
2678	58.0	
2679	58.0	
2680	58.0	
2681	58.0	
2682	58.0	
2683	58.2	
2684	58.0	
2685	58.0	
2686	58.1	
2687	58.1	
2688	58.1	
2689	58.1	
2690	58.2	
2691	58.2	
2692	58.2	
2693	58.3	
2694	58.2	
2695	58.2	
2696	58.2	
2697	58.2	
2698	58.2	
2699	58.2	
2700	58.2	
2701	58.2	
2702	58.3	
2703	58.3	
2704	58.3	
2705	58.3	
2706	58.3	
2707	58.3	
2708	58.3	
2709	58.3	
2710	58.3	
2711	58.3	
2712	58.4	
2713	58.4	
2714	58.4	
2715	58.4	
2716	58.4	
2717	58.5	
2718	58.4	
2719	58.5	
2720	58.5	
2721	58.5	
2722	58.5	
2723	58.5	
2724	58.5	
2725	58.5	
2726	58.5	
2727	58.5	
2728	58.5	
2729	58.6	
2730	58.6	
2731	58.6	
2732	58.6	
2733	58.6	
2734	58.6	
2735	58.6	
2736	58.6	
2737	58.6	
2738	58.6	
2739	58.7	
2740	58.7	
2741	58.7	
2742	58.7	
2743	58.7	
2744	58.7	
2745	58.7	
2746	58.7	
2747	58.7	
2748	58.7	
2749	58.8	
2750	58.8	
2751	58.8	
2752	58.8	
2753	58.8	
2754	58.9	
2755	58.8	
2756	58.8	
2757	58.9	
2758	58.8	
2759	58.8	
2760	58.9	
2761	58.8	
2762	58.8	
2763	58.8	
2764	59.0	
2765	59.0	
2766	58.9	
2767	58.9	
2768	58.9	
2769	59.0	
2770	59.0	
2771	59.0	
2772	59.0	
2773	59.0	
2774	59.0	
2775	59.0	
2776	59.0	
2777	59.0	
2778	59.0	
2779	59.0	
2780	59.1	
2781	59.1	
2782	59.0	
2783	59.1	
2784	59.1	
2785	59.1	
2786	59.1	
2787	59.2	
2788	59.2	
2789	59.2	
2790	59.3	
2791	59.2	
2792	59.2	
2793	59.2	
2794	59.2	
2795	59.2	
2796	59.3	
2797	59.3	
2798	59.3	
2799	59.3	
2800	59.3	
2801	59.3	
2802	59.3	
2803	59.3	
2804	59.3	
2805	59.3	
2806	59.4	
2807	59.5	
2808	59.4	
2809	59.5	
2810	59.5	
2811	59.5	
2812	59.4	
2813	59.4	
2814	59.5	
2815	59.5	
2816	59.5	
2817	59.5	
2818	59.5	
2819	59.5	
2820	59.5	
2821	59.6	
2822	59.5	
2823	59.6	
2824	59.6	
2825	59.7	
2826	59.6	
2827	59.6	
2828	59.7	
2829	59.6	
2830	59.7	
2831	59.7	
2832	59.6	
2833	59.6	
2834	59.6	
2835	59.7	
2836	59.7	
2837	59.7	
2838	59.7	
2839	59.7	
2840	59.7	
2841	59.7	
2842	59.7	
2843	59.7	
2844	59.7	
2845	59.7	
2846	59.7	
2847	59.8	
2848	59.7	
2849	59.8	
2850	59.8	
2851	59.8	
2852	59.8	
2853	59.8	
2854	59.8	
2855	59.8	
2856	59.8	
2857	59.9	
2858	59.9	
2859	59.9	
2860	59.9	
2861	59.9	
2862	59.9	
2863	59.9	
2864	59.9	
2865	59.9	
2866	59.9	
2867	60.0	
2868	60.0	
2869	60.0	
2870	60.0	
2871	60.0	
2872	60.0	
2873	60.0	
2874	60.0	
2875	60.0	
2876	60.0	
2877	60.0	
2878	60.0	
2879	60.1	
2880	60.1	
2881	60.1	
2882	60.1	
2883	60.1	
2884	60.1	
2885	60.1	
2886	60.2	
2887	60.2	
2888	60.2	
2889	60.1	
2890	60.2	
2891	60.2	
2892	60.3	
2893	60.3	
2894	60.2	
2895	60.2	
2896	60.2	
2897	60.2	
2898	60.3	
2899	60.3	
2900	60.3	
2901	60.3	
2902	60.3	
2903	60.3	
2904	60.2	
2905	60.3	
2906	60.3	
2907	60.3	
2908	60.3	
2909	60.3	
2910	60.4	
2911	60.4	
2912	60.4	
2913	60.4	
2914	60.4	
2915	60.4	
2916	60.4	
2917	60.4	
2918	60.4	
2919	60.4	
2920	60.4	
2921	60.4	
2922	60.5	
2923	60.5	
2924	60.5	
2925	60.5	
2926	60.5	
2927	60.6	
2928	60.6	
2929	60.4	
2930	60.5	
2931	60.6	
2932	60.6	
2933	60.7	
2934	60.7	
2935	60.6	
2936	60.7	
2937	60.6	
2938	60.6	
2939	60.7	
2940	60.7	
2941	60.7	
2942	60.7	
2943	60.8	
2944	60.8	
2945	60.8	
2946	60.7	
2947	60.7	
2948	60.8	
2949	60.8	
2950	60.8	
2951	60.7	
2952	60.8	
2953	60.8	
2954	60.7	
2955	60.8	
2956	60.7	
2957	60.8	
2958	60.8	
2959	60.8	
2960	60.8	
2961	60.8	
2962	60.8	
2963	60.8	
2964	60.8	
2965	60.9	
2966	60.9	
2967	60.9	
2968	60.9	
2969	60.9	
2970	60.9	
2971	60.9	
2972	61.0	
2973	61.0	
2974	61.0	
2975	61.0	
2976	61.0	
2977	61.0	
2978	61.0	
2979	61.0	
2980	61.0	
2981	61.0	
2982	61.0	
2983	61.0	
2984	61.0	
2985	61.1	
2986	61.1	
2987	61.1	
2988	61.1	
2989	61.1	
2990	61.1	
2991	61.1	
2992	61.1	
2993	61.1	
2994	61.1	
2995	61.1	
2996	61.1	
2997	61.1	
2998	61.1	
2999	61.1	
3000	61.2	
3001	61.3	
3002	61.2	
3003	61.3	
3004	61.3	
3005	61.2	
3006	61.3	
3007	61.3	
3008	61.2	
3009	61.3	
3010	61.3	
3011	61.3	
3012	61.3	
3013	61.4	
3014	61.4	
3015	61.4	
3016	61.4	
3017	61.4	
3018	61.5	
3019	61.4	
3020	61.4	
3021	61.4	
3022	61.4	
3023	61.5	
3024	61.5	
3025	61.5	
3026	61.5	
3027	61.5	
3028	61.6	
3029	61.6	
3030	61.6	
3031	61.5	
3032	61.5	
3033	61.6	
3034	61.5	
3035	61.5	
3036	61.6	
3037	61.5	
3038	61.6	
3039	61.5	
3040	61.6	
3041	61.6	
3042	61.7	
3043	61.6	
3044	61.6	
3045	61.6	
3046	61.6	
3047	61.6	
3048	61.7	
3049	61.7	
3050	61.6	
3051	61.6	
3052	61.6	
3053	61.7	
3054	61.7	
3055	61.7	
3056	61.7	
3057	61.7	
3058	61.7	
3059	61.7	
3060	61.7	
3061	61.7	
3062	61.7	
3063	61.8	
3064	61.8	
3065	61.8	
3066	61.7	
3067	61.8	
3068	61.8	
3069	61.8	
3070	61.8	
3071	61.8	
3072	61.8	
3073	61.8	
3074	61.9	
3075	61.8	
3076	61.9	
3077	61.9	
3078	61.9	
3079	61.9	
3080	61.9	
3081	61.9	
3082	61.9	
3083	61.9	
3084	61.9	
3085	61.9	
3086	61.9	
3087	61.9	
3088	61.9	
3089	62.0	
3090	62.0	
3091	62.0	
3092	62.0	
3093	62.0	
3094	62.0	
3095	62.0	
3096	62.0	
3097	62.0	
3098	62.1	
3099	62.1	
3100	62.1	
3101	62.1	
3102	62.1	
3103	62.1	
3104	62.1	
3105	62.1	
3106	61.7	
3107	62.1	
3108	62.1	
3109	62.1	
3110	62.2	
3111	62.1	
3112	62.2	
3113	62.2	
3114	62.2	
3115	62.2	
3116	62.2	
3117	62.2	
3118	62.3	
3119	62.2	
3120	62.3	
3121	62.2	
3122	62.2	
3123	62.3	
3124	62.3	
3125	62.2	
3126	62.3	
3127	62.3	
3128	62.3	
3129	62.3	
3130	62.3	
3131	62.3	
3132	62.4	
3133	62.2	
3134	62.3	
3135	62.3	
3136	62.4	
3137	62.4	
3138	62.4	
3139	62.4	
3140	62.4	
3141	62.4	
3142	62.5	
3143	62.5	
3144	62.5	
3145	62.5	
3146	62.5	
3147	62.5	
3148	62.5	
3149	62.4	
3150	62.5	
3151	62.5	
3152	62.5	
3153	62.5	
3154	62.5	
3155	62.5	
3156	62.5	
3157	62.5	
3158	62.6	
3159	62.5	
3160	62.5	
3161	62.6	
3162	62.5	
3163	62.5	
3164	62.6	
3165	62.6	
3166	62.6	
3167	62.6	
3168	62.6	
3169	62.6	
3170	62.6	
3171	62.6	
3172	62.7	
3173	62.7	
3174	62.7	
3175	62.7	
3176	62.7	
3177	62.7	
3178	62.7	
3179	62.7	
3180	62.8	
3181	62.8	
3182	62.8	
3183	62.9	
3184	62.8	
3185	62.8	
3186	62.8	
3187	62.8	
3188	62.8	
3189	62.7	
3190	62.8	
3191	62.8	
3192	62.8	
3193	62.8	
3194	62.9	
3195	63.0	
3196	62.9	
3197	62.9	
3198	62.8	
3199	62.9	
3200	62.9	
3201	62.9	
3202	62.9	
3203	62.9	
3204	63.0	
3205	63.0	
3206	62.9	
3207	62.9	
3208	62.9	
3209	62.9	
3210	63.0	
3211	63.0	
3212	63.0	
3213	63.0	
3214	63.1	
3215	63.0	
3216	63.0	
3217	63.0	
3218	63.0	
3219	63.1	
3220	63.1	
3221	63.1	
3222	63.1	
3223	63.1	
3224	63.1	
3225	63.2	
3226	63.1	
3227	63.1	
3228	63.1	
3229	63.1	
3230	63.2	
3231	63.2	
3232	63.1	
3233	63.1	
3234	63.1	
3235	63.1	
3236	63.1	
3237	63.2	
3238	63.2	
3239	63.1	
3240	63.1	
3241	63.1	
3242	63.2	
3243	63.2	
3244	63.2	
3245	63.3	
3246	63.1	
3247	63.3	
3248	63.3	
3249	63.3	
3250	63.3	
3251	63.3	
3252	63.3	
3253	63.3	
3254	63.3	
3255	63.3	
3256	63.3	
3257	63.3	
3258	63.3	
3259	63.3	
3260	63.4	
3261	63.4	
3262	63.4	
3263	63.4	
3264	63.4	
3265	63.4	
3266	63.4	
3267	63.4	
3268	63.4	
3269	63.4	
3270	63.5	
3271	63.5	
3272	63.5	
3273	63.5	
3274	63.5	
3275	63.5	
3276	63.5	
3277	63.5	
3278	63.5	
3279	63.5	
3280	63.5	
3281	63.5	
3282	63.5	
3283	63.5	
3284	63.5	
3285	63.5	
3286	63.6	
3287	63.5	
3288	63.6	
3289	63.6	
3290	63.5	
3291	63.6	
3292	63.7	
3293	63.6	
3294	63.6	
3295	63.7	
3296	63.6	
3297	63.6	
3298	63.6	
3299	63.6	
3300	63.7	
3301	63.7	
3302	63.7	
3303	63.7	
3304	63.7	
3305	63.7	
3306	63.7	
3307	63.7	
3308	63.7	
3309	63.7	
3310	63.7	
3311	63.7	
3312	63.8	
3313	63.7	
3314	63.8	
3315	63.9	
3316	63.8	
3317	63.8	
3318	63.9	
3319	63.9	
3320	63.9	
3321	63.9	
3322	63.8	
3323	63.9	
3324	63.8	
3325	63.9	
3326	63.8	
3327	63.9	
3328	63.9	
3329	63.9	
3330	63.9	
3331	63.9	
3332	64.0	
3333	64.0	
3334	63.9	
3335	63.9	
3336	63.9	
3337	63.9	
3338	63.9	
3339	64.1	
3340	63.9	
3341	63.9	
3342	63.9	
3343	64.0	
3344	63.9	
3345	64.1	
3346	64.1	
3347	64.0	
3348	63.9	
3349	64.0	
3350	64.0	
3351	64.0	
3352	64.0	
3353	64.0	
3354	64.0	
3355	64.1	
3356	64.1	
3357	64.1	
3358	64.1	
3359	64.1	
3360	64.1	
3361	64.1	
3362	64.1	
3363	64.1	
3364	64.1	
3365	64.1	
3366	64.1	
3367	64.1	
3368	64.1	
3369	64.1	
3370	64.1	
3371	64.1	
3372	64.1	
3373	64.1	
3374	64.1	
3375	64.1	
3376	64.2	
3377	64.2	
3378	64.2	
3379	64.2	
3380	64.2	
3381	64.2	
3382	64.2	
3383	64.2	
3384	64.2	
3385	64.2	
3386	64.2	
3387	64.2	
3388	64.2	
3389	64.3	
3390	64.3	
3391	64.3	
3392	64.3	
3393	64.3	
3394	64.4	
3395	64.4	
3396	64.4	
3397	64.4	
3398	64.4	
3399	64.4	
3400	64.4	
3401	64.4	
3402	64.4	
3403	64.5	
3404	64.5	
3405	64.6	
3406	64.6	
3407	64.6	
3408	64.6	
3409	64.6	
3410	64.6	
3411	64.7	
3412	64.7	
3413	64.8	
3414	64.8	
3415	64.8	
3416	64.9	
3417	64.9	
3418	64.9	
3419	64.9	
3420	64.9	
3421	64.9	
3422	65.0	
3423	65.0	
3424	65.0	
3425	65.1	
3426	65.1	
3427	65.1	
3428	65.1	
3429	65.1	
3430	65.2	
3431	65.2	
3432	65.2	
3433	65.2	
3434	65.3	
3435	65.3	
3436	65.3	
3437	65.3	
3438	65.4	
3439	65.4	
3440	65.4	
3441	65.4	
3442	65.5	
3443	65.5	
3444	65.5	
3445	65.5	
3446	65.5	
3447	65.6	
3448	65.7	
3449	65.7	
3450	65.8	
3451	65.8	
3452	65.8	
3453	65.9	
3454	65.9	
3455	65.9	
3456	65.9	
3457	65.9	
3458	66.0	
3459	66.1	
3460	66.1	
3461	66.1	
3462	66.2	
3463	66.2	
3464	66.2	
3465	66.2	
3466	66.3	
3467	66.3	
3468	66.3	
3469	66.4	
3470	66.4	
3471	66.5	
3472	66.5	
3473	66.5	
3474	66.5	
3475	66.6	
3476	66.6	
3477	66.7	
3478	66.7	
3479	66.8	
3480	66.8	
3481	66.8	
3482	66.8	
3483	66.9	
3484	67.0	
3485	67.0	
3486	67.0	
3487	67.0	
3488	67.2	
3489	67.2	
3490	67.2	
3491	67.3	
3492	67.4	
3493	67.3	
3494	67.3	
3495	67.3	
3496	67.4	
3497	67.5	
3498	67.5	
3499	67.6	
3500	67.6	
3501	67.7	
3502	67.6	
3503	67.7	
3504	67.7	
3505	67.7	
3506	67.8	
3507	67.9	
3508	67.9	
3509	67.9	
3510	68.0	
3511	68.0	
3512	68.0	
3513	68.1	
3514	68.1	
3515	68.2	
3516	68.2	
3517	68.3	
3518	68.3	
3519	68.4	
3520	68.4	
3521	68.4	
3522	68.4	
3523	68.5	
3524	68.6	
3525	68.6	
3526	68.6	
3527	68.8	
3528	68.8	
3529	68.8	
3530	68.8	
3531	68.9	
3532	69.0	
3533	69.0	
3534	69.1	
3535	69.1	
3536	69.2	
3537	69.1	
3538	69.2	
3539	69.2	
3540	69.3	
3541	69.3	
3542	69.5	
3543	69.4	
3544	69.4	
3545	69.5	
3546	69.7	
3547	69.7	
3548	69.7	
3549	69.8	
3550	69.8	
3551	69.9	
3552	69.9	
3553	70.0	
3554	69.9	
3555	70.0	
3556	70.1	
3557	70.1	
3558	70.2	
3559	70.2	
3560	70.3	
3561	70.4	
3562	70.4	
3563	70.5	
3564	70.6	
3565	70.6	
3566	70.6	
3567	70.7	
3568	70.7	
3569	70.8	
3570	70.8	
3571	70.9	
3572	71.0	
3573	71.0	
3574	71.0	
3575	71.1	
3576	71.1	
3577	71.2	
3578	71.3	
3579	71.4	
3580	71.4	
3581	71.5	
3582	71.4	
3583	71.4	
3584	71.5	
3585	71.6	
3586	71.7	
3587	71.7	
3588	71.7	
3589	71.8	
3590	71.8	
3591	71.9	
3592	71.9	
3593	72.0	
3594	72.0	
3595	72.1	
3596	72.1	
3597	72.1	
3598	72.2	
3599	72.3	
3600	72.3	
