Vernier Format 2
penn4.txt 4/16/117 21:37:1
Run 1
Time	Temperature	
T	T	
s	°C	

0	0.7	
1	0.7	
2	0.7	
3	0.8	
4	0.7	
5	0.7	
6	0.7	
7	0.6	
8	0.6	
9	0.7	
10	0.7	
11	0.7	
12	0.7	
13	0.7	
14	0.7	
15	0.6	
16	0.6	
17	0.6	
18	0.6	
19	0.6	
20	0.6	
21	0.5	
22	0.6	
23	0.6	
24	0.6	
25	0.6	
26	0.6	
27	0.6	
28	0.5	
29	0.6	
30	0.6	
31	0.6	
32	0.6	
33	0.6	
34	0.5	
35	0.5	
36	0.6	
37	0.5	
38	0.5	
39	0.6	
40	0.6	
41	0.6	
42	0.6	
43	0.6	
44	0.6	
45	0.7	
46	0.6	
47	0.6	
48	0.6	
49	0.5	
50	0.5	
51	0.5	
52	0.5	
53	0.5	
54	0.5	
55	0.5	
56	0.5	
57	0.5	
58	0.5	
59	0.5	
60	0.5	
61	0.5	
62	0.5	
63	0.5	
64	0.5	
65	0.5	
66	0.5	
67	0.5	
68	0.5	
69	0.5	
70	0.5	
71	0.5	
72	0.5	
73	0.5	
74	0.5	
75	0.5	
76	0.5	
77	0.5	
78	0.5	
79	0.5	
80	0.5	
81	0.5	
82	0.5	
83	0.5	
84	0.6	
85	0.5	
86	0.6	
87	0.5	
88	0.5	
89	0.5	
90	0.6	
91	0.6	
92	0.6	
93	0.6	
94	0.6	
95	0.6	
96	0.6	
97	0.6	
98	0.6	
99	0.6	
100	0.6	
101	0.6	
102	0.6	
103	0.6	
104	0.6	
105	0.6	
106	0.6	
107	0.6	
108	0.6	
109	0.6	
110	0.6	
111	0.6	
112	0.6	
113	0.6	
114	0.6	
115	0.6	
116	0.6	
117	0.6	
118	0.7	
119	0.7	
120	0.7	
121	0.7	
122	0.7	
123	0.7	
124	0.7	
125	0.7	
126	0.7	
127	0.9	
128	0.7	
129	0.7	
130	0.7	
131	0.9	
132	0.9	
133	0.9	
134	0.9	
135	0.9	
136	0.9	
137	0.9	
138	0.9	
139	0.9	
140	0.9	
141	0.8	
142	0.8	
143	0.8	
144	0.9	
145	0.9	
146	0.9	
147	0.8	
148	0.8	
149	0.7	
150	0.8	
151	0.8	
152	0.7	
153	0.7	
154	0.8	
155	0.8	
156	0.8	
157	0.8	
158	0.8	
159	0.8	
160	0.8	
161	0.8	
162	0.8	
163	0.8	
164	0.8	
165	0.8	
166	0.8	
167	0.8	
168	0.8	
169	0.8	
170	0.9	
171	0.8	
172	0.8	
173	0.8	
174	0.8	
175	0.9	
176	0.8	
177	0.8	
178	0.8	
179	0.8	
180	0.9	
181	0.8	
182	0.8	
183	0.8	
184	0.8	
185	0.8	
186	0.8	
187	0.8	
188	0.8	
189	0.7	
190	0.8	
191	0.8	
192	0.7	
193	0.8	
194	0.8	
195	0.7	
196	0.7	
197	0.8	
198	0.7	
199	0.8	
200	0.8	
201	0.8	
202	0.8	
203	0.8	
204	0.9	
205	0.9	
206	0.9	
207	0.9	
208	0.9	
209	0.9	
210	0.9	
211	0.9	
212	0.9	
213	0.9	
214	0.9	
215	0.9	
216	0.9	
217	0.9	
218	0.9	
219	0.9	
220	0.9	
221	0.9	
222	0.9	
223	0.9	
224	0.9	
225	0.9	
226	0.9	
227	0.9	
228	0.9	
229	0.9	
230	0.9	
231	0.9	
232	0.9	
233	0.9	
234	1.0	
235	1.0	
236	1.0	
237	1.0	
238	1.0	
239	1.0	
240	1.0	
241	1.0	
242	1.0	
243	1.0	
244	1.0	
245	1.0	
246	1.0	
247	1.0	
248	1.0	
249	1.0	
250	1.0	
251	0.9	
252	1.0	
253	1.0	
254	0.9	
255	1.0	
256	1.0	
257	1.0	
258	1.0	
259	1.0	
260	1.0	
261	0.9	
262	1.0	
263	0.9	
264	1.0	
265	1.0	
266	1.0	
267	1.0	
268	1.0	
269	1.0	
270	1.0	
271	1.0	
272	1.1	
273	1.1	
274	1.1	
275	1.1	
276	1.2	
277	1.2	
278	1.2	
279	1.2	
280	1.2	
281	1.2	
282	1.3	
283	1.2	
284	1.2	
285	1.2	
286	1.2	
287	1.2	
288	1.2	
289	1.3	
290	1.2	
291	1.3	
292	1.3	
293	1.3	
294	1.3	
295	1.3	
296	1.3	
297	1.3	
298	1.3	
299	1.3	
300	1.3	
301	1.3	
302	1.3	
303	1.3	
304	1.3	
305	1.4	
306	1.3	
307	1.4	
308	1.4	
309	1.4	
310	1.3	
311	1.4	
312	1.4	
313	1.4	
314	1.4	
315	1.4	
316	1.4	
317	1.4	
318	1.4	
319	1.5	
320	1.5	
321	1.5	
322	1.5	
323	1.5	
324	1.5	
325	1.5	
326	1.5	
327	1.5	
328	1.6	
329	1.5	
330	1.5	
331	1.5	
332	1.6	
333	1.6	
334	1.6	
335	1.6	
336	1.6	
337	1.6	
338	1.6	
339	1.6	
340	1.7	
341	1.6	
342	1.6	
343	1.7	
344	1.7	
345	1.7	
346	1.7	
347	1.7	
348	1.7	
349	1.7	
350	1.7	
351	1.7	
352	1.7	
353	1.7	
354	1.7	
355	1.7	
356	1.8	
357	1.8	
358	1.7	
359	1.8	
360	1.8	
361	1.8	
362	1.8	
363	1.8	
364	1.8	
365	1.9	
366	1.9	
367	1.9	
368	1.9	
369	2.1	
370	2.1	
371	2.1	
372	2.1	
373	2.1	
374	2.1	
375	2.1	
376	2.1	
377	2.1	
378	2.1	
379	2.1	
380	2.1	
381	2.2	
382	2.1	
383	2.1	
384	2.1	
385	2.2	
386	2.2	
387	2.2	
388	2.2	
389	2.3	
390	2.3	
391	2.2	
392	2.2	
393	2.3	
394	2.3	
395	2.3	
396	2.3	
397	2.3	
398	2.4	
399	2.3	
400	2.3	
401	2.3	
402	2.3	
403	2.4	
404	2.4	
405	2.3	
406	2.3	
407	2.4	
408	2.4	
409	2.4	
410	2.3	
411	2.4	
412	2.4	
413	2.4	
414	2.4	
415	2.4	
416	2.4	
417	2.4	
418	2.4	
419	2.4	
420	2.4	
421	2.4	
422	2.4	
423	2.5	
424	2.4	
425	2.5	
426	2.5	
427	2.5	
428	2.5	
429	2.5	
430	2.5	
431	2.6	
432	2.5	
433	2.5	
434	2.6	
435	2.6	
436	2.6	
437	2.6	
438	2.6	
439	2.6	
440	2.6	
441	2.6	
442	2.7	
443	2.7	
444	2.7	
445	2.7	
446	2.7	
447	2.7	
448	2.7	
449	2.8	
450	2.7	
451	2.7	
452	2.8	
453	2.8	
454	2.7	
455	2.7	
456	2.7	
457	2.8	
458	2.7	
459	2.8	
460	2.8	
461	2.8	
462	2.8	
463	2.8	
464	2.8	
465	2.9	
466	2.9	
467	2.9	
468	3.0	
469	2.9	
470	3.0	
471	3.0	
472	3.0	
473	3.0	
474	3.1	
475	3.1	
476	3.1	
477	3.1	
478	3.1	
479	3.1	
480	3.2	
481	3.2	
482	3.3	
483	3.2	
484	3.2	
485	3.3	
486	3.3	
487	3.3	
488	3.3	
489	3.3	
490	3.3	
491	3.4	
492	3.4	
493	3.4	
494	3.4	
495	3.4	
496	3.4	
497	3.4	
498	3.5	
499	3.5	
500	3.5	
501	3.5	
502	3.5	
503	3.5	
504	3.5	
505	3.5	
506	3.5	
507	3.5	
508	3.6	
509	3.6	
510	3.6	
511	3.6	
512	3.7	
513	3.6	
514	3.6	
515	3.7	
516	3.7	
517	3.7	
518	3.7	
519	3.7	
520	3.7	
521	3.8	
522	3.8	
523	3.7	
524	3.8	
525	3.8	
526	3.8	
527	3.9	
528	3.8	
529	3.9	
530	3.9	
531	3.9	
532	3.9	
533	3.9	
534	4.0	
535	3.9	
536	4.0	
537	4.0	
538	4.0	
539	4.0	
540	4.0	
541	4.0	
542	4.1	
543	4.0	
544	4.1	
545	4.1	
546	4.1	
547	4.1	
548	4.2	
549	4.2	
550	4.2	
551	4.2	
552	4.2	
553	4.2	
554	4.2	
555	4.2	
556	4.2	
557	4.3	
558	4.3	
559	4.3	
560	4.3	
561	4.4	
562	4.5	
563	4.5	
564	4.5	
565	4.5	
566	4.5	
567	4.4	
568	4.4	
569	4.4	
570	4.4	
571	4.5	
572	4.5	
573	4.5	
574	4.6	
575	4.6	
576	4.6	
577	4.5	
578	4.6	
579	4.6	
580	4.6	
581	4.6	
582	4.6	
583	4.6	
584	4.6	
585	4.6	
586	4.7	
587	4.7	
588	4.8	
589	4.8	
590	4.9	
591	4.8	
592	4.8	
593	4.9	
594	4.8	
595	4.8	
596	4.8	
597	4.8	
598	4.9	
599	4.9	
600	4.9	
601	4.9	
602	4.9	
603	5.0	
604	5.0	
605	5.0	
606	4.9	
607	4.9	
608	5.0	
609	4.9	
610	4.9	
611	5.0	
612	5.0	
613	5.0	
614	5.1	
615	5.1	
616	5.1	
617	5.1	
618	5.1	
619	5.1	
620	5.2	
621	5.2	
622	5.2	
623	5.2	
624	5.2	
625	5.2	
626	5.3	
627	5.3	
628	5.3	
629	5.3	
630	5.3	
631	5.4	
632	5.4	
633	5.4	
634	5.5	
635	5.4	
636	5.4	
637	5.5	
638	5.5	
639	5.5	
640	5.5	
641	5.5	
642	5.6	
643	5.6	
644	5.6	
645	5.6	
646	5.6	
647	5.7	
648	5.7	
649	5.7	
650	5.7	
651	5.7	
652	5.7	
653	5.7	
654	5.7	
655	5.7	
656	5.8	
657	5.7	
658	5.8	
659	5.8	
660	5.8	
661	5.8	
662	5.8	
663	5.9	
664	5.9	
665	5.9	
666	5.9	
667	5.9	
668	5.9	
669	5.9	
670	5.9	
671	5.9	
672	5.9	
673	6.0	
674	6.0	
675	6.0	
676	6.0	
677	6.0	
678	6.0	
679	6.1	
680	6.1	
681	6.1	
682	6.1	
683	6.1	
684	6.1	
685	6.2	
686	6.2	
687	6.2	
688	6.2	
689	6.1	
690	6.1	
691	6.2	
692	6.3	
693	6.2	
694	6.3	
695	6.3	
696	6.3	
697	6.3	
698	6.4	
699	6.4	
700	6.5	
701	6.5	
702	6.5	
703	6.5	
704	6.5	
705	6.5	
706	6.5	
707	6.6	
708	6.6	
709	6.6	
710	6.6	
711	6.6	
712	6.6	
713	6.6	
714	6.6	
715	6.6	
716	6.7	
717	6.9	
718	6.8	
719	6.8	
720	6.8	
721	6.8	
722	6.8	
723	6.8	
724	6.7	
725	6.8	
726	6.8	
727	6.8	
728	6.8	
729	6.8	
730	6.9	
731	6.9	
732	6.9	
733	6.9	
734	6.9	
735	6.9	
736	7.0	
737	6.9	
738	6.9	
739	6.9	
740	7.0	
741	6.9	
742	7.0	
743	7.1	
744	7.0	
745	7.1	
746	7.2	
747	7.2	
748	7.2	
749	7.2	
750	7.2	
751	7.2	
752	7.3	
753	7.2	
754	7.2	
755	7.3	
756	7.3	
757	7.3	
758	7.4	
759	7.4	
760	7.4	
761	7.4	
762	7.4	
763	7.4	
764	7.4	
765	7.5	
766	7.5	
767	7.5	
768	7.5	
769	7.5	
770	7.5	
771	7.6	
772	7.6	
773	7.7	
774	7.7	
775	7.7	
776	7.7	
777	7.7	
778	7.7	
779	7.7	
780	7.7	
781	7.7	
782	7.7	
783	7.7	
784	7.7	
785	7.7	
786	7.7	
787	7.7	
788	7.8	
789	7.8	
790	7.8	
791	7.8	
792	7.8	
793	7.9	
794	7.9	
795	7.9	
796	7.9	
797	7.9	
798	7.9	
799	7.9	
800	8.0	
801	8.0	
802	8.0	
803	8.0	
804	8.0	
805	8.1	
806	8.1	
807	8.1	
808	8.1	
809	8.1	
810	8.1	
811	8.1	
812	8.2	
813	8.2	
814	8.2	
815	8.2	
816	8.2	
817	8.3	
818	8.2	
819	8.2	
820	8.2	
821	8.3	
822	8.3	
823	8.3	
824	8.3	
825	8.3	
826	8.4	
827	8.4	
828	8.4	
829	8.4	
830	8.5	
831	8.5	
832	8.5	
833	8.5	
834	8.5	
835	8.5	
836	8.6	
837	8.6	
838	8.6	
839	8.6	
840	8.6	
841	8.6	
842	8.7	
843	8.7	
844	8.7	
845	8.7	
846	8.7	
847	8.7	
848	8.8	
849	8.9	
850	9.0	
851	9.0	
852	9.0	
853	8.9	
854	8.9	
855	8.9	
856	8.9	
857	8.9	
858	8.9	
859	8.9	
860	9.0	
861	8.9	
862	9.0	
863	9.0	
864	9.1	
865	9.1	
866	9.1	
867	9.1	
868	9.1	
869	9.1	
870	9.1	
871	9.1	
872	9.1	
873	9.1	
874	9.1	
875	9.2	
876	9.2	
877	9.2	
878	9.2	
879	9.3	
880	9.2	
881	9.3	
882	9.2	
883	9.3	
884	9.3	
885	9.3	
886	9.3	
887	9.3	
888	9.4	
889	9.4	
890	9.4	
891	9.4	
892	9.5	
893	9.5	
894	9.5	
895	9.5	
896	9.5	
897	9.6	
898	9.6	
899	9.6	
900	9.6	
901	9.6	
902	9.6	
903	9.6	
904	9.7	
905	9.7	
906	9.7	
907	9.7	
908	9.7	
909	9.7	
910	9.8	
911	9.8	
912	9.8	
913	9.8	
914	9.8	
915	9.8	
916	9.9	
917	9.9	
918	9.9	
919	9.9	
920	9.9	
921	9.9	
922	10.0	
923	10.0	
924	10.1	
925	10.1	
926	10.1	
927	10.1	
928	10.1	
929	10.2	
930	10.2	
931	10.2	
932	10.2	
933	10.2	
934	10.3	
935	10.3	
936	10.4	
937	10.4	
938	10.4	
939	10.3	
940	10.4	
941	10.5	
942	10.4	
943	10.5	
944	10.5	
945	10.4	
946	10.4	
947	10.5	
948	10.5	
949	10.4	
950	10.6	
951	10.5	
952	10.6	
953	10.5	
954	10.6	
955	10.7	
956	10.7	
957	10.6	
958	10.6	
959	10.7	
960	10.7	
961	10.8	
962	10.8	
963	10.8	
964	10.7	
965	10.8	
966	10.8	
967	10.8	
968	10.8	
969	10.8	
970	10.8	
971	10.8	
972	10.9	
973	10.9	
974	10.8	
975	11.0	
976	11.0	
977	10.9	
978	11.0	
979	11.0	
980	10.9	
981	10.9	
982	10.9	
983	11.0	
984	11.0	
985	11.1	
986	11.1	
987	11.1	
988	11.1	
989	11.1	
990	11.1	
991	11.1	
992	11.1	
993	11.2	
994	11.4	
995	11.2	
996	11.3	
997	11.4	
998	11.3	
999	11.4	
1000	11.4	
1001	11.4	
1002	11.4	
1003	11.4	
1004	11.4	
1005	11.5	
1006	11.5	
1007	11.5	
1008	11.5	
1009	11.6	
1010	11.6	
1011	11.5	
1012	11.6	
1013	11.5	
1014	11.6	
1015	11.6	
1016	11.6	
1017	11.6	
1018	11.7	
1019	11.7	
1020	11.7	
1021	11.6	
1022	11.7	
1023	11.7	
1024	11.8	
1025	11.6	
1026	11.7	
1027	11.7	
1028	11.6	
1029	11.9	
1030	11.7	
1031	11.7	
1032	11.8	
1033	11.7	
1034	11.7	
1035	11.8	
1036	11.9	
1037	11.8	
1038	11.9	
1039	11.8	
1040	11.9	
1041	11.8	
1042	11.9	
1043	11.8	
1044	12.0	
1045	11.9	
1046	12.0	
1047	12.1	
1048	11.9	
1049	12.1	
1050	12.0	
1051	12.0	
1052	12.1	
1053	12.0	
1054	12.0	
1055	12.0	
1056	12.1	
1057	12.1	
1058	12.1	
1059	12.1	
1060	12.1	
1061	12.2	
1062	12.2	
1063	12.3	
1064	12.3	
1065	12.3	
1066	12.3	
1067	12.3	
1068	12.2	
1069	12.5	
1070	12.4	
1071	12.4	
1072	12.4	
1073	12.3	
1074	12.5	
1075	12.5	
1076	12.5	
1077	12.6	
1078	12.5	
1079	12.7	
1080	12.6	
1081	12.6	
1082	12.7	
1083	12.7	
1084	12.7	
1085	12.8	
1086	12.7	
1087	12.7	
1088	12.8	
1089	12.7	
1090	12.8	
1091	12.8	
1092	12.8	
1093	12.7	
1094	12.7	
1095	12.8	
1096	12.8	
1097	12.8	
1098	12.8	
1099	12.8	
1100	12.8	
1101	12.8	
1102	12.8	
1103	12.9	
1104	12.9	
1105	12.9	
1106	12.9	
1107	12.9	
1108	13.0	
1109	13.0	
1110	13.0	
1111	13.0	
1112	13.0	
1113	13.0	
1114	13.0	
1115	13.1	
1116	13.1	
1117	13.1	
1118	13.1	
1119	13.1	
1120	13.1	
1121	13.2	
1122	13.2	
1123	13.2	
1124	13.2	
1125	13.2	
1126	13.2	
1127	13.2	
1128	13.3	
1129	13.3	
1130	13.3	
1131	13.3	
1132	13.3	
1133	13.3	
1134	13.3	
1135	13.4	
1136	13.4	
1137	13.4	
1138	13.4	
1139	13.4	
1140	13.4	
1141	13.5	
1142	13.5	
1143	13.5	
1144	13.6	
1145	13.6	
1146	13.6	
1147	13.8	
1148	13.9	
1149	13.9	
1150	13.8	
1151	13.8	
1152	13.7	
1153	13.7	
1154	13.6	
1155	13.5	
1156	13.8	
1157	13.7	
1158	13.8	
1159	13.9	
1160	13.8	
1161	13.8	
1162	13.8	
1163	13.9	
1164	13.9	
1165	13.8	
1166	13.9	
1167	13.9	
1168	13.9	
1169	13.9	
1170	14.0	
1171	14.0	
1172	14.0	
1173	14.0	
1174	14.0	
1175	14.0	
1176	14.1	
1177	14.1	
1178	14.1	
1179	14.1	
1180	14.1	
1181	14.1	
1182	14.0	
1183	14.2	
1184	14.2	
1185	14.1	
1186	14.1	
1187	14.2	
1188	14.1	
1189	14.2	
1190	14.2	
1191	14.3	
1192	14.3	
1193	14.3	
1194	14.3	
1195	14.3	
1196	14.3	
1197	14.3	
1198	14.4	
1199	14.5	
1200	14.4	
1201	14.4	
1202	14.4	
1203	14.4	
1204	14.5	
1205	14.6	
1206	14.5	
1207	14.6	
1208	14.6	
1209	14.7	
1210	14.6	
1211	14.6	
1212	14.7	
1213	14.7	
1214	14.7	
1215	14.7	
1216	14.7	
1217	14.7	
1218	14.7	
1219	14.8	
1220	14.8	
1221	14.8	
1222	14.8	
1223	14.8	
1224	14.9	
1225	14.8	
1226	14.9	
1227	14.9	
1228	14.9	
1229	14.9	
1230	14.9	
1231	14.9	
1232	14.9	
1233	15.0	
1234	15.0	
1235	15.0	
1236	15.0	
1237	15.0	
1238	15.0	
1239	15.0	
1240	15.1	
1241	15.1	
1242	15.1	
1243	15.1	
1244	15.1	
1245	15.2	
1246	15.3	
1247	15.3	
1248	15.3	
1249	15.3	
1250	15.4	
1251	15.4	
1252	15.3	
1253	15.4	
1254	15.2	
1255	15.3	
1256	15.4	
1257	15.1	
1258	15.3	
1259	15.4	
1260	15.4	
1261	15.4	
1262	15.4	
1263	15.4	
1264	15.4	
1265	15.5	
1266	15.5	
1267	15.5	
1268	15.5	
1269	15.4	
1270	15.5	
1271	15.5	
1272	15.5	
1273	15.6	
1274	15.6	
1275	15.5	
1276	15.7	
1277	15.7	
1278	15.8	
1279	15.7	
1280	15.7	
1281	15.7	
1282	15.7	
1283	15.7	
1284	15.8	
1285	15.8	
1286	15.8	
1287	15.8	
1288	15.8	
1289	15.8	
1290	15.9	
1291	15.9	
1292	15.9	
1293	15.9	
1294	15.9	
1295	15.9	
1296	16.0	
1297	16.0	
1298	16.1	
1299	16.2	
1300	16.2	
1301	16.1	
1302	16.1	
1303	16.0	
1304	16.0	
1305	16.1	
1306	16.2	
1307	16.0	
1308	16.1	
1309	16.1	
1310	16.2	
1311	16.2	
1312	16.2	
1313	16.2	
1314	16.2	
1315	16.3	
1316	16.3	
1317	16.3	
1318	16.3	
1319	16.3	
1320	16.3	
1321	16.3	
1322	16.4	
1323	16.4	
1324	16.4	
1325	16.5	
1326	16.4	
1327	16.5	
1328	16.6	
1329	16.5	
1330	16.5	
1331	16.5	
1332	16.5	
1333	16.5	
1334	16.6	
1335	16.6	
1336	16.6	
1337	16.7	
1338	16.7	
1339	16.7	
1340	16.7	
1341	16.7	
1342	16.8	
1343	16.9	
1344	16.9	
1345	16.9	
1346	16.9	
1347	16.8	
1348	16.7	
1349	16.8	
1350	16.8	
1351	16.9	
1352	16.8	
1353	16.9	
1354	16.9	
1355	16.9	
1356	16.9	
1357	17.0	
1358	17.0	
1359	17.0	
1360	17.0	
1361	17.0	
1362	17.0	
1363	17.1	
1364	17.1	
1365	17.1	
1366	17.1	
1367	17.1	
1368	17.1	
1369	17.1	
1370	17.2	
1371	17.1	
1372	17.1	
1373	17.2	
1374	17.2	
1375	17.2	
1376	17.2	
1377	17.2	
1378	17.3	
1379	17.3	
1380	17.4	
1381	17.3	
1382	17.4	
1383	17.3	
1384	17.5	
1385	17.5	
1386	17.5	
1387	17.3	
1388	17.4	
1389	17.5	
1390	17.4	
1391	17.6	
1392	17.5	
1393	17.5	
1394	17.5	
1395	17.5	
1396	17.6	
1397	17.6	
1398	17.6	
1399	17.5	
1400	17.6	
1401	17.6	
1402	17.6	
1403	17.7	
1404	17.6	
1405	17.7	
1406	17.7	
1407	17.7	
1408	17.8	
1409	17.8	
1410	17.8	
1411	17.8	
1412	17.8	
1413	17.8	
1414	17.9	
1415	17.9	
1416	17.9	
1417	17.9	
1418	17.9	
1419	17.9	
1420	17.9	
1421	18.0	
1422	18.0	
1423	18.0	
1424	18.0	
1425	18.0	
1426	18.0	
1427	18.1	
1428	18.1	
1429	18.1	
1430	18.1	
1431	18.1	
1432	18.1	
1433	18.1	
1434	18.2	
1435	18.2	
1436	18.2	
1437	18.1	
1438	18.3	
1439	18.2	
1440	18.2	
1441	18.3	
1442	18.4	
1443	18.3	
1444	18.3	
1445	18.3	
1446	18.4	
1447	18.4	
1448	18.4	
1449	18.4	
1450	18.4	
1451	18.4	
1452	18.5	
1453	18.5	
1454	18.5	
1455	18.6	
1456	18.6	
1457	18.6	
1458	18.6	
1459	18.6	
1460	18.6	
1461	18.6	
1462	18.9	
1463	18.6	
1464	18.7	
1465	18.6	
1466	18.7	
1467	18.6	
1468	18.7	
1469	18.7	
1470	18.7	
1471	18.7	
1472	18.7	
1473	18.8	
1474	18.8	
1475	18.8	
1476	18.8	
1477	18.8	
1478	18.8	
1479	18.9	
1480	18.9	
1481	18.9	
1482	18.9	
1483	18.9	
1484	18.9	
1485	18.8	
1486	18.9	
1487	19.0	
1488	19.0	
1489	18.9	
1490	18.9	
1491	19.0	
1492	19.0	
1493	19.0	
1494	19.0	
1495	19.1	
1496	19.1	
1497	19.1	
1498	19.1	
1499	19.2	
1500	19.1	
1501	19.2	
1502	19.2	
1503	19.2	
1504	19.4	
1505	19.2	
1506	19.4	
1507	19.3	
1508	19.3	
1509	19.4	
1510	19.3	
1511	19.4	
1512	19.4	
1513	19.4	
1514	19.4	
1515	19.4	
1516	19.4	
1517	19.4	
1518	19.5	
1519	19.5	
1520	19.5	
1521	19.5	
1522	19.5	
1523	19.5	
1524	19.5	
1525	19.5	
1526	19.6	
1527	19.6	
1528	19.6	
1529	19.5	
1530	19.7	
1531	19.7	
1532	19.7	
1533	19.7	
1534	19.7	
1535	19.7	
1536	19.8	
1537	19.8	
1538	19.7	
1539	19.8	
1540	19.9	
1541	19.9	
1542	19.9	
1543	19.9	
1544	20.0	
1545	19.9	
1546	19.9	
1547	19.9	
1548	20.1	
1549	19.9	
1550	20.0	
1551	20.1	
1552	19.9	
1553	20.3	
1554	19.8	
1555	20.1	
1556	20.0	
1557	20.0	
1558	20.1	
1559	20.1	
1560	20.1	
1561	20.2	
1562	20.3	
1563	20.2	
1564	20.3	
1565	20.2	
1566	20.3	
1567	20.2	
1568	20.3	
1569	20.3	
1570	20.3	
1571	20.3	
1572	20.3	
1573	20.4	
1574	20.3	
1575	20.4	
1576	20.2	
1577	20.4	
1578	20.7	
1579	20.5	
1580	20.4	
1581	20.5	
1582	20.5	
1583	20.5	
1584	20.5	
1585	20.5	
1586	20.5	
1587	20.6	
1588	20.7	
1589	20.6	
1590	20.5	
1591	20.7	
1592	20.7	
1593	20.8	
1594	20.8	
1595	20.6	
1596	20.7	
1597	20.8	
1598	20.7	
1599	20.7	
1600	20.7	
1601	20.9	
1602	20.9	
1603	20.9	
1604	20.9	
1605	21.0	
1606	20.8	
1607	20.9	
1608	20.9	
1609	20.9	
1610	20.9	
1611	20.9	
1612	21.0	
1613	21.0	
1614	21.0	
1615	21.0	
1616	21.0	
1617	21.0	
1618	21.0	
1619	21.0	
1620	21.1	
1621	21.1	
1622	21.1	
1623	21.1	
1624	21.1	
1625	21.2	
1626	21.2	
1627	21.2	
1628	21.2	
1629	21.2	
1630	21.2	
1631	21.3	
1632	21.2	
1633	21.3	
1634	21.3	
1635	21.3	
1636	21.3	
1637	21.3	
1638	21.3	
1639	21.4	
1640	21.4	
1641	21.4	
1642	21.4	
1643	21.4	
1644	21.4	
1645	21.4	
1646	21.4	
1647	21.5	
1648	21.5	
1649	21.5	
1650	21.5	
1651	21.5	
1652	21.6	
1653	21.6	
1654	21.6	
1655	21.6	
1656	21.6	
1657	21.6	
1658	21.7	
1659	21.7	
1660	21.7	
1661	21.7	
1662	21.7	
1663	21.7	
1664	21.7	
1665	21.9	
1666	21.2	
1667	22.0	
1668	21.7	
1669	21.8	
1670	21.8	
1671	21.9	
1672	21.9	
1673	21.9	
1674	21.9	
1675	21.9	
1676	21.9	
1677	21.9	
1678	22.0	
1679	22.0	
1680	22.0	
1681	22.0	
1682	22.0	
1683	22.0	
1684	22.1	
1685	22.1	
1686	22.1	
1687	22.1	
1688	22.1	
1689	22.1	
1690	22.1	
1691	22.2	
1692	22.2	
1693	22.2	
1694	22.2	
1695	22.2	
1696	22.2	
1697	22.2	
1698	22.3	
1699	22.3	
1700	22.3	
1701	22.3	
1702	22.4	
1703	22.3	
1704	22.3	
1705	22.3	
1706	22.4	
1707	22.5	
1708	22.5	
1709	22.3	
1710	22.6	
1711	22.5	
1712	22.5	
1713	22.5	
1714	22.5	
1715	22.5	
1716	22.6	
1717	22.7	
1718	22.6	
1719	22.6	
1720	22.7	
1721	22.7	
1722	22.9	
1723	22.7	
1724	22.9	
1725	22.7	
1726	22.7	
1727	22.7	
1728	22.7	
1729	22.7	
1730	22.8	
1731	22.8	
1732	22.8	
1733	22.8	
1734	22.8	
1735	22.8	
1736	22.9	
1737	22.9	
1738	22.9	
1739	22.9	
1740	22.9	
1741	22.9	
1742	23.0	
1743	23.0	
1744	23.0	
1745	23.1	
1746	23.0	
1747	23.2	
1748	23.2	
1749	23.0	
1750	23.1	
1751	23.0	
1752	23.1	
1753	23.1	
1754	23.1	
1755	23.1	
1756	23.3	
1757	23.1	
1758	23.2	
1759	23.3	
1760	23.3	
1761	23.2	
1762	23.2	
1763	23.3	
1764	23.3	
1765	23.3	
1766	23.3	
1767	23.3	
1768	23.3	
1769	23.4	
1770	23.4	
1771	23.4	
1772	23.4	
1773	23.4	
1774	23.6	
1775	23.6	
1776	23.5	
1777	23.5	
1778	23.6	
1779	23.6	
1780	23.5	
1781	23.6	
1782	23.5	
1783	23.6	
1784	23.6	
1785	23.6	
1786	23.6	
1787	23.6	
1788	23.6	
1789	23.6	
1790	23.7	
1791	23.7	
1792	23.7	
1793	23.7	
1794	23.7	
1795	23.7	
1796	23.7	
1797	23.7	
1798	23.8	
1799	23.8	
1800	23.8	
1801	23.7	
1802	23.8	
1803	23.8	
1804	24.0	
1805	24.0	
1806	23.9	
1807	23.9	
1808	23.9	
1809	24.0	
1810	24.0	
1811	24.0	
1812	24.0	
1813	24.0	
1814	24.0	
1815	24.0	
1816	24.0	
1817	24.0	
1818	24.0	
1819	24.1	
1820	24.1	
1821	24.2	
1822	24.2	
1823	24.2	
1824	24.2	
1825	24.2	
1826	24.2	
1827	24.2	
1828	24.2	
1829	24.2	
1830	24.2	
1831	24.2	
1832	24.1	
1833	24.2	
1834	24.3	
1835	24.3	
1836	24.3	
1837	24.3	
1838	24.3	
1839	24.3	
1840	24.4	
1841	24.4	
1842	24.4	
1843	24.4	
1844	24.4	
1845	24.5	
1846	24.5	
1847	24.5	
1848	24.5	
1849	24.5	
1850	24.5	
1851	24.5	
1852	24.5	
1853	24.5	
1854	24.5	
1855	24.5	
1856	24.5	
1857	24.6	
1858	24.6	
1859	24.6	
1860	24.6	
1861	24.7	
1862	24.7	
1863	24.7	
1864	24.7	
1865	24.8	
1866	24.9	
1867	24.8	
1868	24.9	
1869	24.9	
1870	24.8	
1871	24.8	
1872	24.9	
1873	24.9	
1874	24.9	
1875	24.9	
1876	24.9	
1877	24.9	
1878	24.9	
1879	24.9	
1880	24.9	
1881	25.0	
1882	25.0	
1883	25.0	
1884	25.0	
1885	25.0	
1886	25.0	
1887	25.0	
1888	25.1	
1889	25.1	
1890	25.2	
1891	25.2	
1892	25.2	
1893	25.2	
1894	25.2	
1895	25.3	
1896	25.2	
1897	25.3	
1898	25.2	
1899	25.2	
1900	25.3	
1901	25.3	
1902	25.3	
1903	25.2	
1904	25.2	
1905	25.2	
1906	25.3	
1907	25.3	
1908	25.2	
1909	25.4	
1910	25.3	
1911	25.3	
1912	25.4	
1913	25.4	
1914	25.4	
1915	25.5	
1916	25.4	
1917	25.5	
1918	25.5	
1919	25.5	
1920	25.5	
1921	25.5	
1922	25.5	
1923	25.5	
1924	25.6	
1925	25.6	
1926	25.6	
1927	25.7	
1928	25.7	
1929	25.7	
1930	25.7	
1931	25.7	
1932	25.8	
1933	25.8	
1934	25.8	
1935	25.8	
1936	25.8	
1937	25.8	
1938	25.8	
1939	25.8	
1940	25.9	
1941	25.9	
1942	25.9	
1943	25.9	
1944	25.9	
1945	25.9	
1946	25.9	
1947	26.0	
1948	26.0	
1949	26.0	
1950	26.0	
1951	26.0	
1952	26.0	
1953	26.0	
1954	26.1	
1955	26.1	
1956	26.1	
1957	26.1	
1958	26.1	
1959	26.1	
1960	26.1	
1961	26.2	
1962	26.2	
1963	26.2	
1964	26.2	
1965	26.2	
1966	26.2	
1967	26.2	
1968	26.2	
1969	26.3	
1970	26.3	
1971	26.3	
1972	26.3	
1973	26.3	
1974	26.3	
1975	26.3	
1976	26.4	
1977	26.4	
1978	26.4	
1979	26.4	
1980	26.4	
1981	26.4	
1982	26.4	
1983	26.5	
1984	26.5	
1985	26.5	
1986	26.5	
1987	26.5	
1988	26.5	
1989	26.5	
1990	26.5	
1991	26.5	
1992	26.5	
1993	26.5	
1994	26.5	
1995	26.5	
1996	26.6	
1997	26.6	
1998	26.6	
1999	26.6	
2000	26.7	
2001	26.7	
2002	26.7	
2003	26.7	
2004	26.5	
2005	26.8	
2006	26.9	
2007	26.8	
2008	26.8	
2009	26.9	
2010	26.8	
2011	27.0	
2012	26.9	
2013	27.0	
2014	26.9	
2015	26.9	
2016	26.9	
2017	26.9	
2018	26.9	
2019	27.0	
2020	27.0	
2021	27.0	
2022	27.0	
2023	27.0	
2024	27.0	
2025	27.1	
2026	27.1	
2027	27.1	
2028	27.1	
2029	27.1	
2030	27.1	
2031	27.1	
2032	27.1	
2033	27.1	
2034	27.2	
2035	27.2	
2036	27.2	
2037	27.2	
2038	27.2	
2039	27.2	
2040	27.2	
2041	27.2	
2042	27.3	
2043	27.3	
2044	27.3	
2045	27.3	
2046	27.3	
2047	27.3	
2048	27.4	
2049	27.4	
2050	27.4	
2051	27.4	
2052	27.4	
2053	27.4	
2054	27.4	
2055	27.4	
2056	27.4	
2057	27.5	
2058	27.5	
2059	27.5	
2060	27.5	
2061	27.7	
2062	27.6	
2063	27.6	
2064	27.6	
2065	27.6	
2066	27.6	
2067	27.7	
2068	27.6	
2069	27.7	
2070	27.6	
2071	27.7	
2072	27.7	
2073	27.7	
2074	27.7	
2075	27.7	
2076	27.7	
2077	27.7	
2078	27.8	
2079	27.8	
2080	27.8	
2081	27.8	
2082	27.8	
2083	27.8	
2084	27.8	
2085	27.8	
2086	27.9	
2087	27.9	
2088	27.9	
2089	27.9	
2090	27.9	
2091	27.9	
2092	27.9	
2093	28.0	
2094	28.0	
2095	28.0	
2096	28.0	
2097	28.0	
2098	28.0	
2099	28.0	
2100	28.1	
2101	28.1	
2102	28.1	
2103	28.2	
2104	28.2	
2105	28.2	
2106	28.2	
2107	28.2	
2108	28.2	
2109	28.2	
2110	28.2	
2111	28.3	
2112	28.3	
2113	28.2	
2114	28.3	
2115	28.4	
2116	28.3	
2117	28.4	
2118	28.4	
2119	28.4	
2120	28.4	
2121	28.4	
2122	28.4	
2123	28.4	
2124	28.4	
2125	28.4	
2126	28.4	
2127	28.4	
2128	28.4	
2129	28.4	
2130	28.5	
2131	28.5	
2132	28.5	
2133	28.5	
2134	28.5	
2135	28.5	
2136	28.5	
2137	28.6	
2138	28.6	
2139	28.6	
2140	28.7	
2141	28.7	
2142	28.7	
2143	28.7	
2144	28.7	
2145	28.7	
2146	28.7	
2147	28.7	
2148	28.7	
2149	28.7	
2150	28.8	
2151	28.8	
2152	28.8	
2153	28.8	
2154	28.8	
2155	28.8	
2156	28.8	
2157	28.9	
2158	28.9	
2159	28.9	
2160	28.9	
2161	28.9	
2162	28.9	
2163	29.0	
2164	29.0	
2165	29.0	
2166	29.0	
2167	29.0	
2168	29.0	
2169	29.0	
2170	29.0	
2171	29.0	
2172	29.1	
2173	29.1	
2174	29.1	
2175	29.2	
2176	29.2	
2177	29.2	
2178	29.1	
2179	29.1	
2180	29.0	
2181	29.1	
2182	29.3	
2183	29.2	
2184	29.2	
2185	29.2	
2186	29.2	
2187	29.3	
2188	29.3	
2189	29.3	
2190	29.3	
2191	29.3	
2192	29.3	
2193	29.4	
2194	29.3	
2195	29.3	
2196	29.4	
2197	29.4	
2198	29.4	
2199	29.4	
2200	29.4	
2201	29.4	
2202	29.5	
2203	29.6	
2204	29.5	
2205	29.5	
2206	29.5	
2207	29.5	
2208	29.5	
2209	29.6	
2210	29.6	
2211	29.6	
2212	29.6	
2213	29.6	
2214	29.6	
2215	29.7	
2216	29.7	
2217	29.7	
2218	29.7	
2219	29.7	
2220	29.7	
2221	29.8	
2222	29.7	
2223	29.6	
2224	29.7	
2225	29.7	
2226	29.8	
2227	29.8	
2228	29.9	
2229	29.9	
2230	29.7	
2231	29.9	
2232	29.8	
2233	29.9	
2234	29.9	
2235	29.9	
2236	29.9	
2237	29.9	
2238	29.9	
2239	30.0	
2240	30.0	
2241	30.0	
2242	30.0	
2243	30.0	
2244	30.0	
2245	30.0	
2246	30.0	
2247	30.0	
2248	30.1	
2249	30.1	
2250	30.1	
2251	30.1	
2252	30.1	
2253	30.0	
2254	30.1	
2255	30.1	
2256	30.1	
2257	30.2	
2258	30.1	
2259	30.2	
2260	30.2	
2261	30.2	
2262	30.4	
2263	30.2	
2264	30.3	
2265	30.2	
2266	30.3	
2267	30.3	
2268	30.3	
2269	30.3	
2270	30.4	
2271	30.4	
2272	30.4	
2273	30.4	
2274	30.4	
2275	30.4	
2276	30.4	
2277	30.4	
2278	30.5	
2279	30.5	
2280	30.5	
2281	30.5	
2282	30.5	
2283	30.6	
2284	30.6	
2285	30.6	
2286	30.6	
2287	30.6	
2288	30.6	
2289	30.6	
2290	30.6	
2291	30.6	
2292	30.6	
2293	30.6	
2294	30.7	
2295	30.7	
2296	30.7	
2297	30.8	
2298	30.8	
2299	30.6	
2300	30.7	
2301	30.7	
2302	30.9	
2303	30.9	
2304	30.8	
2305	30.8	
2306	30.7	
2307	30.9	
2308	30.9	
2309	30.9	
2310	30.8	
2311	30.9	
2312	31.0	
2313	31.0	
2314	31.0	
2315	31.1	
2316	31.0	
2317	31.0	
2318	31.0	
2319	31.1	
2320	31.0	
2321	31.0	
2322	31.0	
2323	31.0	
2324	31.1	
2325	31.1	
2326	31.1	
2327	31.1	
2328	31.1	
2329	31.1	
2330	31.1	
2331	31.2	
2332	31.2	
2333	31.2	
2334	31.2	
2335	31.2	
2336	31.2	
2337	31.1	
2338	31.4	
2339	31.2	
2340	31.3	
2341	31.2	
2342	31.2	
2343	31.3	
2344	31.3	
2345	31.3	
2346	31.3	
2347	31.4	
2348	31.4	
2349	31.4	
2350	31.4	
2351	31.4	
2352	31.4	
2353	31.4	
2354	31.4	
2355	31.5	
2356	31.5	
2357	31.5	
2358	31.7	
2359	31.5	
2360	31.6	
2361	31.6	
2362	31.7	
2363	31.7	
2364	31.7	
2365	31.7	
2366	31.6	
2367	31.7	
2368	31.6	
2369	31.6	
2370	31.7	
2371	31.7	
2372	31.7	
2373	31.7	
2374	31.7	
2375	31.7	
2376	31.7	
2377	31.7	
2378	31.8	
2379	31.8	
2380	31.8	
2381	31.8	
2382	31.8	
2383	31.8	
2384	31.9	
2385	31.9	
2386	31.9	
2387	31.9	
2388	31.9	
2389	31.9	
2390	31.9	
2391	31.9	
2392	31.9	
2393	32.1	
2394	32.1	
2395	31.9	
2396	31.9	
2397	32.0	
2398	32.0	
2399	32.0	
2400	32.0	
2401	32.0	
2402	32.1	
2403	32.0	
2404	32.1	
2405	32.1	
2406	32.1	
2407	32.1	
2408	32.1	
2409	32.1	
2410	32.2	
2411	32.1	
2412	32.2	
2413	32.2	
2414	32.2	
2415	32.2	
2416	32.2	
2417	32.1	
2418	32.2	
2419	32.3	
2420	32.3	
2421	32.3	
2422	32.3	
2423	32.2	
2424	32.3	
2425	32.3	
2426	32.3	
2427	32.4	
2428	32.4	
2429	32.4	
2430	32.3	
2431	32.5	
2432	32.5	
2433	32.4	
2434	32.4	
2435	32.5	
2436	32.6	
2437	32.5	
2438	32.6	
2439	32.5	
2440	32.5	
2441	32.5	
2442	32.6	
2443	32.6	
2444	32.6	
2445	32.6	
2446	32.6	
2447	32.7	
2448	32.7	
2449	32.7	
2450	32.7	
2451	32.7	
2452	32.7	
2453	32.7	
2454	32.7	
2455	32.8	
2456	32.8	
2457	32.8	
2458	32.9	
2459	32.9	
2460	33.0	
2461	32.9	
2462	32.9	
2463	32.9	
2464	32.9	
2465	33.0	
2466	32.9	
2467	32.9	
2468	33.0	
2469	32.9	
2470	33.1	
2471	33.0	
2472	33.1	
2473	33.0	
2474	33.1	
2475	32.9	
2476	33.0	
2477	33.0	
2478	33.0	
2479	33.1	
2480	33.0	
2481	33.0	
2482	33.1	
2483	33.1	
2484	33.1	
2485	33.1	
2486	33.1	
2487	33.1	
2488	33.1	
2489	33.1	
2490	33.2	
2491	33.2	
2492	33.2	
2493	33.2	
2494	33.2	
2495	33.2	
2496	33.3	
2497	33.3	
2498	33.3	
2499	33.3	
2500	33.3	
2501	33.3	
2502	33.3	
2503	33.4	
2504	33.4	
2505	33.4	
2506	33.4	
2507	33.4	
2508	33.4	
2509	33.4	
2510	33.5	
2511	33.5	
2512	33.5	
2513	33.5	
2514	33.5	
2515	33.5	
2516	33.5	
2517	33.5	
2518	33.6	
2519	33.6	
2520	33.6	
2521	33.6	
2522	33.6	
2523	33.5	
2524	33.6	
2525	33.6	
2526	33.6	
2527	33.6	
2528	33.6	
2529	33.7	
2530	33.8	
2531	33.6	
2532	33.6	
2533	33.7	
2534	33.7	
2535	33.9	
2536	33.7	
2537	33.9	
2538	33.8	
2539	33.8	
2540	33.8	
2541	33.8	
2542	33.9	
2543	33.9	
2544	33.9	
2545	33.9	
2546	33.9	
2547	33.9	
2548	33.9	
2549	34.0	
2550	34.0	
2551	34.1	
2552	34.1	
2553	34.1	
2554	34.1	
2555	34.1	
2556	34.1	
2557	34.0	
2558	34.0	
2559	34.0	
2560	34.0	
2561	34.1	
2562	34.2	
2563	34.2	
2564	34.2	
2565	34.1	
2566	34.2	
2567	34.2	
2568	34.2	
2569	34.2	
2570	34.2	
2571	34.2	
2572	34.2	
2573	34.2	
2574	34.2	
2575	34.2	
2576	34.3	
2577	34.3	
2578	34.3	
2579	34.3	
2580	34.3	
2581	34.3	
2582	34.3	
2583	34.4	
2584	34.4	
2585	34.4	
2586	34.4	
2587	34.4	
2588	34.4	
2589	34.4	
2590	34.4	
2591	34.5	
2592	34.5	
2593	34.5	
2594	34.5	
2595	34.5	
2596	34.5	
2597	34.5	
2598	34.6	
2599	34.6	
2600	34.6	
2601	34.6	
2602	34.7	
2603	34.6	
2604	34.7	
2605	34.6	
2606	34.6	
2607	34.7	
2608	34.7	
2609	34.7	
2610	34.7	
2611	34.9	
2612	34.8	
2613	34.9	
2614	34.9	
2615	34.9	
2616	34.8	
2617	34.8	
2618	34.9	
2619	34.9	
2620	34.9	
2621	34.9	
2622	34.9	
2623	34.9	
2624	34.9	
2625	34.9	
2626	34.9	
2627	35.0	
2628	35.0	
2629	35.0	
2630	35.0	
2631	34.9	
2632	35.1	
2633	35.0	
2634	35.0	
2635	35.1	
2636	35.1	
2637	35.1	
2638	35.1	
2639	35.1	
2640	35.1	
2641	35.1	
2642	35.1	
2643	35.1	
2644	35.2	
2645	35.2	
2646	35.2	
2647	35.2	
2648	35.2	
2649	35.2	
2650	35.2	
2651	35.2	
2652	35.2	
2653	35.3	
2654	35.3	
2655	35.3	
2656	35.3	
2657	35.3	
2658	35.3	
2659	35.3	
2660	35.3	
2661	35.4	
2662	35.4	
2663	35.4	
2664	35.4	
2665	35.4	
2666	35.4	
2667	35.4	
2668	35.4	
2669	35.4	
2670	35.5	
2671	35.5	
2672	35.5	
2673	35.5	
2674	35.5	
2675	35.5	
2676	35.5	
2677	35.6	
2678	35.6	
2679	35.6	
2680	35.6	
2681	35.6	
2682	35.6	
2683	35.6	
2684	35.6	
2685	35.6	
2686	35.7	
2687	35.7	
2688	35.7	
2689	35.6	
2690	35.7	
2691	35.7	
2692	35.7	
2693	35.8	
2694	35.8	
2695	35.8	
2696	35.8	
2697	35.8	
2698	35.8	
2699	35.8	
2700	35.8	
2701	35.9	
2702	35.9	
2703	35.8	
2704	35.9	
2705	35.9	
2706	35.9	
2707	35.9	
2708	35.9	
2709	35.9	
2710	36.0	
2711	36.0	
2712	36.0	
2713	36.0	
2714	36.0	
2715	36.0	
2716	36.0	
2717	36.0	
2718	36.0	
2719	36.0	
2720	36.1	
2721	36.1	
2722	36.1	
2723	36.1	
2724	36.1	
2725	36.1	
2726	36.1	
2727	36.1	
2728	36.2	
2729	36.2	
2730	36.2	
2731	36.2	
2732	36.2	
2733	36.2	
2734	36.3	
2735	36.3	
2736	36.3	
2737	36.3	
2738	36.3	
2739	36.3	
2740	36.4	
2741	36.4	
2742	36.3	
2743	36.3	
2744	36.4	
2745	36.4	
2746	36.3	
2747	36.4	
2748	36.4	
2749	36.4	
2750	36.4	
2751	36.4	
2752	36.5	
2753	36.4	
2754	36.5	
2755	36.6	
2756	36.6	
2757	36.5	
2758	36.6	
2759	36.6	
2760	36.6	
2761	36.5	
2762	36.6	
2763	36.5	
2764	36.7	
2765	36.6	
2766	36.7	
2767	36.7	
2768	36.8	
2769	36.7	
2770	36.6	
2771	36.7	
2772	36.7	
2773	36.7	
2774	36.7	
2775	36.7	
2776	36.7	
2777	36.7	
2778	36.7	
2779	36.7	
2780	36.9	
2781	36.7	
2782	36.9	
2783	36.8	
2784	36.8	
2785	36.8	
2786	36.8	
2787	36.8	
2788	36.8	
2789	36.8	
2790	37.0	
2791	36.9	
2792	36.9	
2793	36.9	
2794	36.9	
2795	37.0	
2796	37.1	
2797	37.0	
2798	37.0	
2799	37.0	
2800	37.2	
2801	37.1	
2802	37.2	
2803	37.2	
2804	37.1	
2805	37.1	
2806	37.1	
2807	37.1	
2808	37.1	
2809	37.1	
2810	37.1	
2811	37.1	
2812	37.1	
2813	37.2	
2814	37.2	
2815	37.2	
2816	37.2	
2817	37.2	
2818	37.2	
2819	37.2	
2820	37.3	
2821	37.3	
2822	37.3	
2823	37.3	
2824	37.3	
2825	37.3	
2826	37.3	
2827	37.3	
2828	37.4	
2829	37.3	
2830	37.4	
2831	37.4	
2832	37.4	
2833	37.4	
2834	37.4	
2835	37.4	
2836	37.5	
2837	37.5	
2838	37.5	
2839	37.5	
2840	37.5	
2841	37.5	
2842	37.5	
2843	37.5	
2844	37.5	
2845	37.5	
2846	37.6	
2847	37.6	
2848	37.6	
2849	37.6	
2850	37.6	
2851	37.6	
2852	37.6	
2853	37.6	
2854	37.7	
2855	37.7	
2856	37.7	
2857	37.7	
2858	37.7	
2859	37.7	
2860	37.8	
2861	37.8	
2862	37.8	
2863	37.8	
2864	37.8	
2865	37.8	
2866	37.8	
2867	37.9	
2868	37.9	
2869	37.9	
2870	37.9	
2871	37.9	
2872	37.9	
2873	37.9	
2874	37.9	
2875	37.9	
2876	37.9	
2877	37.9	
2878	37.9	
2879	38.0	
2880	38.0	
2881	38.0	
2882	38.0	
2883	38.0	
2884	38.0	
2885	38.0	
2886	38.1	
2887	38.1	
2888	38.1	
2889	38.1	
2890	38.1	
2891	38.1	
2892	38.1	
2893	38.1	
2894	38.2	
2895	38.2	
2896	38.2	
2897	38.2	
2898	38.2	
2899	38.2	
2900	38.2	
2901	38.2	
2902	38.3	
2903	38.2	
2904	38.3	
2905	38.2	
2906	38.4	
2907	38.2	
2908	38.4	
2909	38.4	
2910	38.4	
2911	38.4	
2912	38.3	
2913	38.5	
2914	38.4	
2915	38.4	
2916	38.4	
2917	38.4	
2918	38.4	
2919	38.4	
2920	38.5	
2921	38.5	
2922	38.5	
2923	38.5	
2924	38.5	
2925	38.5	
2926	38.5	
2927	38.5	
2928	38.5	
2929	38.5	
2930	38.6	
2931	38.6	
2932	38.6	
2933	38.6	
2934	38.6	
2935	38.6	
2936	38.7	
2937	38.7	
2938	38.7	
2939	38.8	
2940	38.7	
2941	38.7	
2942	38.7	
2943	38.7	
2944	38.7	
2945	38.7	
2946	38.8	
2947	38.7	
2948	38.8	
2949	38.8	
2950	38.7	
2951	38.8	
2952	38.8	
2953	38.8	
2954	38.8	
2955	38.8	
2956	38.8	
2957	38.8	
2958	38.9	
2959	38.9	
2960	38.9	
2961	38.9	
2962	38.9	
2963	39.0	
2964	38.9	
2965	39.0	
2966	39.0	
2967	39.0	
2968	39.0	
2969	39.0	
2970	39.0	
2971	39.0	
2972	39.0	
2973	39.0	
2974	39.0	
2975	39.0	
2976	39.0	
2977	39.1	
2978	39.1	
2979	39.1	
2980	39.1	
2981	39.1	
2982	39.2	
2983	39.3	
2984	39.2	
2985	39.1	
2986	39.2	
2987	39.2	
2988	39.3	
2989	39.2	
2990	39.2	
2991	39.3	
2992	39.4	
2993	39.3	
2994	39.2	
2995	39.5	
2996	39.3	
2997	39.4	
2998	39.4	
2999	39.3	
3000	39.3	
3001	39.5	
3002	39.3	
3003	39.4	
3004	39.4	
3005	39.4	
3006	39.4	
3007	39.4	
3008	39.5	
3009	39.5	
3010	39.5	
3011	39.5	
3012	39.5	
3013	39.5	
3014	39.5	
3015	39.5	
3016	39.5	
3017	39.6	
3018	39.6	
3019	39.6	
3020	39.6	
3021	39.6	
3022	39.6	
3023	39.6	
3024	39.7	
3025	39.7	
3026	39.7	
3027	39.7	
3028	39.7	
3029	39.7	
3030	39.8	
3031	39.7	
3032	39.8	
3033	39.6	
3034	39.7	
3035	39.7	
3036	39.7	
3037	39.8	
3038	39.8	
3039	39.8	
3040	39.8	
3041	39.8	
3042	39.8	
3043	39.8	
3044	39.8	
3045	39.8	
3046	39.9	
3047	39.8	
3048	39.9	
3049	39.9	
3050	39.9	
3051	39.9	
3052	39.9	
3053	39.9	
3054	39.9	
3055	39.9	
3056	40.0	
3057	40.0	
3058	40.0	
3059	40.0	
3060	40.0	
3061	40.0	
3062	40.0	
3063	40.0	
3064	40.0	
3065	40.1	
3066	40.1	
3067	40.0	
3068	40.1	
3069	40.1	
3070	40.1	
3071	40.0	
3072	40.1	
3073	40.2	
3074	40.2	
3075	40.2	
3076	40.1	
3077	40.2	
3078	40.1	
3079	40.1	
3080	40.1	
3081	40.2	
3082	40.2	
3083	40.2	
3084	40.2	
3085	40.2	
3086	40.2	
3087	40.3	
3088	40.3	
3089	40.2	
3090	40.3	
3091	40.3	
3092	40.4	
3093	40.4	
3094	40.4	
3095	40.4	
3096	40.4	
3097	40.4	
3098	40.4	
3099	40.4	
3100	40.6	
3101	40.4	
3102	40.4	
3103	40.5	
3104	40.5	
3105	40.5	
3106	40.5	
3107	40.5	
3108	40.5	
3109	40.5	
3110	40.6	
3111	40.7	
3112	40.7	
3113	40.7	
3114	40.8	
3115	40.6	
3116	40.6	
3117	40.6	
3118	40.7	
3119	40.8	
3120	40.7	
3121	40.7	
3122	40.7	
3123	40.7	
3124	40.7	
3125	40.7	
3126	40.7	
3127	40.7	
3128	40.8	
3129	40.8	
3130	40.8	
3131	40.8	
3132	40.8	
3133	40.8	
3134	40.8	
3135	40.8	
3136	40.9	
3137	40.9	
3138	40.8	
3139	40.9	
3140	40.9	
3141	40.9	
3142	41.0	
3143	41.0	
3144	41.0	
3145	41.0	
3146	41.0	
3147	41.0	
3148	41.1	
3149	41.1	
3150	41.1	
3151	41.1	
3152	41.1	
3153	41.1	
3154	41.2	
3155	41.1	
3156	41.1	
3157	41.1	
3158	41.1	
3159	41.4	
3160	41.2	
3161	41.2	
3162	41.2	
3163	41.2	
3164	41.2	
3165	41.2	
3166	41.2	
3167	41.2	
3168	41.2	
3169	41.2	
3170	41.2	
3171	41.3	
3172	41.3	
3173	41.3	
3174	41.3	
3175	41.3	
3176	41.3	
3177	41.3	
3178	41.3	
3179	41.3	
3180	41.3	
3181	41.4	
3182	41.4	
3183	41.4	
3184	41.4	
3185	41.4	
3186	41.4	
3187	41.4	
3188	41.4	
3189	41.4	
3190	41.4	
3191	41.4	
3192	41.4	
3193	41.5	
3194	41.5	
3195	41.4	
3196	41.5	
3197	41.5	
3198	41.5	
3199	41.6	
3200	41.6	
3201	41.6	
3202	41.6	
3203	41.6	
3204	41.6	
3205	41.6	
3206	41.6	
3207	41.6	
3208	41.7	
3209	41.7	
3210	41.7	
3211	41.7	
3212	41.7	
3213	41.7	
3214	41.7	
3215	41.7	
3216	41.7	
3217	41.8	
3218	41.8	
3219	41.8	
3220	41.9	
3221	41.8	
3222	41.8	
3223	41.9	
3224	41.9	
3225	41.8	
3226	41.9	
3227	42.0	
3228	41.8	
3229	41.9	
3230	42.0	
3231	41.9	
3232	41.9	
3233	42.0	
3234	42.0	
3235	42.0	
3236	42.0	
3237	42.0	
3238	42.0	
3239	42.0	
3240	42.0	
3241	42.0	
3242	42.0	
3243	42.0	
3244	42.0	
3245	42.1	
3246	42.1	
3247	42.1	
3248	42.1	
3249	42.1	
3250	42.1	
3251	42.1	
3252	42.1	
3253	42.2	
3254	42.2	
3255	42.1	
3256	42.2	
3257	42.1	
3258	42.1	
3259	42.3	
3260	42.3	
3261	42.2	
3262	42.2	
3263	42.2	
3264	42.2	
3265	42.2	
3266	42.2	
3267	42.3	
3268	42.3	
3269	42.3	
3270	42.3	
3271	42.5	
3272	42.3	
3273	42.3	
3274	42.5	
3275	42.4	
3276	42.4	
3277	42.4	
3278	42.3	
3279	42.4	
3280	42.5	
3281	42.5	
3282	42.4	
3283	42.5	
3284	42.4	
3285	42.5	
3286	42.6	
3287	42.4	
3288	42.5	
3289	42.5	
3290	42.6	
3291	42.5	
3292	42.6	
3293	42.6	
3294	42.6	
3295	42.6	
3296	42.6	
3297	42.6	
3298	42.6	
3299	42.6	
3300	42.6	
3301	42.6	
3302	42.6	
3303	42.7	
3304	42.7	
3305	42.7	
3306	42.8	
3307	42.8	
3308	42.7	
3309	42.8	
3310	42.8	
3311	42.9	
3312	42.8	
3313	42.7	
3314	42.8	
3315	42.7	
3316	42.8	
3317	42.8	
3318	42.9	
3319	42.9	
3320	42.8	
3321	42.9	
3322	42.8	
3323	42.9	
3324	42.8	
3325	42.9	
3326	42.5	
3327	42.9	
3328	42.9	
3329	42.9	
3330	42.9	
3331	42.9	
3332	42.9	
3333	43.0	
3334	42.9	
3335	43.0	
3336	43.0	
3337	43.0	
3338	43.0	
3339	43.1	
3340	43.1	
3341	43.1	
3342	43.1	
3343	43.1	
3344	43.1	
3345	43.1	
3346	43.1	
3347	43.1	
3348	43.1	
3349	43.1	
3350	43.1	
3351	43.2	
3352	43.1	
3353	43.1	
3354	43.2	
3355	43.2	
3356	43.2	
3357	43.2	
3358	43.2	
3359	43.2	
3360	43.3	
3361	43.3	
3362	43.3	
3363	43.3	
3364	43.3	
3365	43.3	
3366	43.3	
3367	43.3	
3368	43.3	
3369	43.4	
3370	43.4	
3371	43.4	
3372	43.4	
3373	43.4	
3374	43.4	
3375	43.5	
3376	43.5	
3377	43.5	
3378	43.5	
3379	43.5	
3380	43.5	
3381	43.6	
3382	43.6	
3383	43.4	
3384	43.6	
3385	43.6	
3386	43.5	
3387	43.5	
3388	43.6	
3389	43.5	
3390	43.6	
3391	43.6	
3392	43.6	
3393	43.6	
3394	43.6	
3395	43.6	
3396	43.6	
3397	43.6	
3398	43.7	
3399	43.7	
3400	43.7	
3401	43.7	
3402	43.7	
3403	43.7	
3404	43.7	
3405	43.7	
3406	43.7	
3407	43.7	
3408	43.7	
3409	43.7	
3410	43.7	
3411	43.7	
3412	43.8	
3413	43.8	
3414	43.8	
3415	43.8	
3416	43.8	
3417	43.8	
3418	43.8	
3419	43.8	
3420	43.8	
3421	43.8	
3422	43.9	
3423	43.8	
3424	43.8	
3425	43.9	
3426	43.9	
3427	43.9	
3428	43.9	
3429	43.9	
3430	44.0	
3431	43.9	
3432	43.9	
3433	44.0	
3434	44.0	
3435	44.0	
3436	44.0	
3437	44.0	
3438	44.0	
3439	44.0	
3440	44.0	
3441	44.1	
3442	44.1	
3443	44.1	
3444	44.0	
3445	44.1	
3446	44.1	
3447	44.0	
3448	44.1	
3449	44.1	
3450	44.2	
3451	44.2	
3452	44.2	
3453	44.2	
3454	44.2	
3455	44.2	
3456	44.2	
3457	44.2	
3458	44.3	
3459	44.3	
3460	44.3	
3461	44.3	
3462	44.3	
3463	44.3	
3464	44.3	
3465	44.3	
3466	44.4	
3467	44.4	
3468	44.4	
3469	44.4	
3470	44.4	
3471	44.4	
3472	44.4	
3473	44.4	
3474	44.5	
3475	44.5	
3476	44.5	
3477	44.5	
3478	44.5	
3479	44.5	
3480	44.5	
3481	44.5	
3482	44.5	
3483	44.5	
3484	44.5	
3485	44.6	
3486	44.6	
3487	44.6	
3488	44.6	
3489	44.6	
3490	44.6	
3491	44.6	
3492	44.6	
3493	44.6	
3494	44.6	
3495	44.6	
3496	44.6	
3497	44.6	
3498	44.7	
3499	44.7	
3500	44.7	
3501	44.7	
3502	44.7	
3503	44.7	
3504	44.7	
3505	44.8	
3506	44.8	
3507	44.7	
3508	44.8	
3509	44.8	
3510	44.8	
3511	44.9	
3512	44.8	
3513	44.9	
3514	44.9	
3515	44.8	
3516	44.8	
3517	44.9	
3518	45.0	
3519	44.9	
3520	44.9	
3521	44.9	
3522	44.9	
3523	45.0	
3524	44.9	
3525	45.0	
3526	45.0	
3527	45.0	
3528	45.0	
3529	45.0	
3530	45.0	
3531	45.0	
3532	45.0	
3533	45.1	
3534	45.1	
3535	45.1	
3536	45.1	
3537	45.2	
3538	45.1	
3539	45.2	
3540	45.1	
3541	45.2	
3542	45.2	
3543	45.2	
3544	45.2	
3545	45.2	
3546	45.2	
3547	45.2	
3548	45.2	
3549	45.3	
3550	45.2	
3551	45.2	
3552	45.2	
3553	45.2	
3554	45.2	
3555	45.1	
3556	45.2	
3557	45.2	
3558	45.2	
3559	45.3	
3560	45.2	
3561	45.2	
3562	45.2	
3563	45.2	
3564	45.3	
3565	45.3	
3566	45.3	
3567	45.3	
3568	45.2	
3569	45.3	
3570	45.3	
3571	45.3	
3572	45.3	
3573	45.4	
3574	45.4	
3575	45.4	
3576	45.4	
3577	45.4	
3578	45.4	
3579	45.4	
3580	45.4	
3581	45.4	
3582	45.4	
3583	45.4	
3584	45.5	
3585	45.5	
3586	45.6	
3587	45.4	
3588	45.5	
3589	45.6	
3590	45.5	
3591	45.5	
3592	45.6	
3593	45.5	
3594	45.6	
3595	45.6	
3596	45.6	
3597	45.6	
3598	45.6	
3599	45.7	
3600	45.7	
3601	45.7	
3602	45.6	
3603	45.7	
3604	45.6	
3605	45.6	
3606	45.2	
3607	45.7	
3608	45.7	
3609	45.7	
3610	45.7	
3611	45.7	
3612	45.8	
3613	45.8	
3614	45.8	
3615	45.8	
3616	45.8	
3617	45.7	
3618	45.7	
3619	45.8	
3620	45.8	
3621	45.8	
3622	45.9	
3623	45.9	
3624	45.9	
3625	45.8	
3626	45.8	
3627	46.0	
3628	45.9	
3629	45.9	
3630	45.9	
3631	45.9	
3632	45.9	
3633	45.9	
3634	45.9	
3635	45.9	
3636	45.9	
3637	45.9	
3638	45.9	
3639	46.0	
3640	46.0	
3641	46.0	
3642	46.0	
3643	46.0	
3644	46.0	
3645	46.1	
3646	46.1	
3647	46.1	
3648	46.1	
3649	46.1	
3650	46.1	
3651	46.1	
3652	46.2	
3653	46.3	
3654	46.3	
3655	46.2	
3656	46.1	
3657	46.1	
3658	46.1	
3659	46.2	
3660	46.2	
3661	46.2	
3662	46.2	
3663	46.2	
3664	46.2	
3665	46.2	
3666	46.2	
3667	46.2	
3668	46.2	
3669	46.2	
3670	46.2	
3671	46.3	
3672	46.2	
3673	46.2	
3674	46.4	
3675	46.3	
3676	46.2	
3677	46.3	
3678	46.3	
3679	46.3	
3680	46.3	
3681	46.3	
3682	46.4	
3683	46.4	
3684	46.4	
3685	46.4	
3686	46.4	
3687	46.5	
3688	46.4	
3689	46.4	
3690	46.4	
3691	46.5	
3692	46.5	
3693	46.5	
3694	46.5	
3695	46.5	
3696	46.5	
3697	46.5	
3698	46.5	
3699	46.5	
3700	46.5	
3701	46.5	
3702	46.5	
3703	46.5	
3704	46.5	
3705	46.5	
3706	46.5	
3707	46.6	
3708	46.5	
3709	46.6	
3710	46.6	
3711	46.6	
3712	46.6	
3713	46.6	
3714	46.6	
3715	46.6	
3716	46.6	
3717	46.6	
3718	46.7	
3719	46.7	
3720	46.7	
3721	46.7	
3722	46.7	
3723	46.7	
3724	46.7	
3725	46.8	
3726	46.9	
3727	46.8	
3728	46.8	
3729	46.8	
3730	46.8	
3731	46.8	
3732	46.7	
3733	46.9	
3734	46.9	
3735	46.8	
3736	46.9	
3737	46.8	
3738	46.8	
3739	46.8	
3740	46.9	
3741	46.9	
3742	46.9	
3743	46.9	
3744	46.9	
3745	46.9	
3746	46.9	
3747	46.9	
3748	46.9	
3749	46.9	
3750	46.9	
3751	46.9	
3752	46.9	
3753	46.9	
3754	46.9	
3755	46.9	
3756	47.0	
3757	47.0	
3758	47.0	
3759	47.0	
3760	47.0	
3761	47.0	
3762	47.0	
3763	47.0	
3764	47.0	
3765	47.0	
3766	47.0	
3767	47.0	
3768	47.0	
3769	47.0	
3770	47.0	
3771	47.0	
3772	47.0	
3773	47.1	
3774	47.1	
3775	47.1	
3776	47.1	
3777	47.2	
3778	47.2	
3779	47.2	
3780	47.2	
3781	47.2	
3782	47.2	
3783	47.2	
3784	47.2	
3785	47.2	
3786	47.2	
3787	47.2	
3788	47.2	
3789	47.2	
3790	47.2	
3791	47.3	
3792	47.3	
3793	47.3	
3794	47.4	
3795	47.3	
3796	47.2	
3797	47.3	
3798	47.4	
3799	47.3	
3800	47.4	
3801	47.4	
3802	47.3	
3803	47.3	
3804	47.4	
3805	47.4	
3806	47.5	
3807	47.4	
3808	47.3	
3809	47.4	
3810	47.4	
3811	47.5	
3812	47.5	
3813	47.5	
3814	47.5	
3815	47.5	
3816	47.5	
3817	47.5	
3818	47.5	
3819	47.5	
3820	47.5	
3821	47.5	
3822	47.5	
3823	47.5	
3824	47.6	
3825	47.6	
3826	47.6	
3827	47.6	
3828	47.6	
3829	47.6	
3830	47.6	
3831	47.6	
3832	47.5	
3833	47.6	
3834	47.6	
3835	47.6	
3836	47.7	
3837	47.7	
3838	47.8	
3839	47.7	
3840	47.7	
3841	47.8	
3842	47.8	
3843	47.7	
3844	47.8	
3845	47.8	
3846	47.8	
3847	47.8	
3848	47.8	
3849	47.8	
3850	47.8	
3851	47.9	
3852	47.9	
3853	47.9	
3854	47.9	
3855	47.9	
3856	47.9	
3857	47.9	
3858	48.0	
3859	48.0	
3860	48.0	
3861	48.1	
3862	48.1	
3863	48.1	
3864	48.1	
3865	48.1	
3866	48.1	
3867	48.1	
3868	48.1	
3869	48.0	
3870	48.1	
3871	48.0	
3872	48.1	
3873	48.2	
3874	48.1	
3875	48.1	
3876	48.2	
3877	48.3	
3878	48.2	
3879	48.2	
3880	48.2	
3881	48.2	
3882	48.2	
3883	48.2	
3884	48.2	
3885	48.2	
3886	48.2	
3887	48.3	
3888	48.3	
3889	48.3	
3890	48.3	
3891	48.3	
3892	48.3	
3893	48.3	
3894	48.3	
3895	48.3	
3896	48.4	
3897	48.4	
3898	48.4	
3899	48.4	
3900	48.4	
3901	48.4	
3902	48.5	
3903	48.4	
3904	48.5	
3905	48.5	
3906	48.5	
3907	48.5	
3908	48.6	
3909	48.4	
3910	48.5	
3911	48.5	
3912	48.5	
3913	48.6	
3914	48.6	
3915	48.6	
3916	48.6	
3917	48.6	
3918	48.7	
3919	48.7	
3920	48.7	
3921	48.7	
3922	48.7	
3923	48.7	
3924	48.7	
3925	48.7	
3926	48.7	
3927	48.7	
3928	48.7	
3929	48.7	
3930	48.7	
3931	48.7	
3932	48.8	
3933	48.8	
3934	48.8	
3935	48.8	
3936	48.8	
3937	48.8	
3938	48.9	
3939	48.9	
3940	48.9	
3941	48.9	
3942	48.9	
3943	48.9	
3944	48.9	
3945	48.9	
3946	48.9	
3947	48.9	
3948	49.0	
3949	49.0	
3950	49.0	
3951	49.0	
3952	49.0	
3953	49.0	
3954	49.0	
3955	49.1	
3956	49.1	
3957	49.1	
3958	49.1	
3959	49.1	
3960	49.1	
3961	49.1	
3962	49.1	
3963	49.1	
3964	49.1	
3965	49.1	
3966	49.1	
3967	49.2	
3968	49.2	
3969	49.2	
3970	49.2	
3971	49.2	
3972	49.2	
3973	49.2	
3974	49.3	
3975	49.3	
3976	49.3	
3977	49.3	
3978	49.3	
3979	49.3	
3980	49.4	
3981	49.3	
3982	49.4	
3983	49.4	
3984	49.4	
3985	49.5	
3986	49.4	
3987	49.4	
3988	49.4	
3989	49.4	
3990	49.4	
3991	49.4	
3992	49.4	
3993	49.4	
3994	49.4	
3995	49.4	
3996	49.5	
3997	49.5	
3998	49.5	
3999	49.6	
4000	49.6	
4001	49.6	
4002	49.6	
4003	49.6	
4004	49.6	
4005	49.6	
4006	49.6	
4007	49.7	
4008	49.6	
4009	49.7	
4010	49.7	
4011	49.7	
4012	49.7	
4013	49.8	
4014	49.8	
4015	49.8	
4016	49.8	
4017	49.8	
4018	49.8	
4019	49.8	
4020	49.8	
4021	49.8	
4022	49.8	
4023	49.8	
4024	49.8	
4025	49.9	
4026	49.9	
4027	49.9	
4028	49.9	
4029	49.9	
4030	49.9	
4031	50.0	
4032	50.0	
4033	50.0	
4034	50.0	
4035	50.0	
4036	50.0	
4037	50.0	
4038	50.0	
4039	50.1	
4040	50.1	
4041	50.1	
4042	50.1	
4043	50.1	
4044	50.1	
4045	50.1	
4046	50.1	
4047	50.1	
4048	50.1	
4049	50.1	
4050	50.2	
4051	50.3	
4052	50.1	
4053	50.3	
4054	50.3	
4055	50.2	
4056	50.3	
4057	50.3	
4058	50.4	
4059	50.4	
4060	50.3	
4061	50.4	
4062	50.4	
4063	50.4	
4064	50.5	
4065	50.5	
4066	50.4	
4067	50.4	
4068	50.4	
4069	50.4	
4070	50.4	
4071	50.5	
4072	50.5	
4073	50.5	
4074	50.5	
4075	50.5	
4076	50.5	
4077	50.5	
4078	50.6	
4079	50.6	
4080	50.6	
4081	50.6	
4082	50.6	
4083	50.6	
4084	50.6	
4085	50.6	
4086	50.6	
4087	50.6	
4088	50.6	
4089	50.6	
4090	50.6	
4091	50.7	
4092	50.7	
4093	50.7	
4094	50.7	
4095	50.7	
4096	50.7	
4097	50.8	
4098	50.8	
4099	50.8	
4100	50.8	
4101	50.8	
4102	50.8	
4103	50.9	
4104	50.9	
4105	50.9	
4106	50.9	
4107	50.9	
4108	51.0	
4109	51.0	
4110	50.8	
4111	51.0	
4112	51.0	
4113	50.9	
4114	51.0	
4115	51.0	
4116	51.0	
4117	51.0	
4118	51.0	
4119	51.0	
4120	51.1	
4121	51.1	
4122	51.1	
4123	51.1	
4124	51.1	
4125	51.1	
4126	51.1	
4127	51.1	
4128	51.0	
4129	51.2	
4130	51.1	
4131	51.1	
4132	51.2	
4133	51.2	
4134	51.2	
4135	51.3	
4136	51.4	
4137	51.2	
4138	51.3	
4139	51.2	
4140	51.2	
4141	51.4	
4142	51.3	
4143	51.4	
4144	51.4	
4145	51.4	
4146	51.4	
4147	51.4	
4148	51.4	
4149	51.4	
4150	51.4	
4151	51.4	
4152	51.4	
4153	51.6	
4154	51.6	
4155	51.6	
4156	51.6	
4157	51.6	
4158	51.6	
4159	51.6	
4160	51.7	
4161	51.7	
4162	51.7	
4163	51.7	
4164	51.7	
4165	51.7	
4166	51.7	
4167	51.8	
4168	51.7	
4169	51.7	
4170	51.8	
4171	51.8	
4172	51.8	
4173	51.8	
4174	51.8	
4175	51.9	
4176	51.8	
4177	51.8	
4178	51.9	
4179	51.9	
4180	51.9	
4181	51.9	
4182	51.9	
4183	51.9	
4184	51.9	
4185	51.9	
4186	51.9	
4187	52.0	
4188	52.0	
4189	52.0	
4190	52.0	
4191	52.0	
4192	52.0	
4193	52.1	
4194	52.0	
4195	52.1	
4196	52.1	
4197	52.1	
4198	52.0	
4199	52.1	
4200	52.1	
4201	52.1	
4202	52.1	
4203	52.2	
4204	52.2	
4205	52.2	
4206	52.3	
4207	52.3	
4208	52.3	
4209	52.3	
4210	52.3	
4211	52.3	
4212	52.3	
4213	52.3	
4214	52.3	
4215	52.3	
4216	52.3	
4217	52.3	
4218	52.3	
4219	52.4	
4220	52.4	
4221	52.4	
4222	52.4	
4223	52.4	
4224	52.4	
4225	52.5	
4226	52.5	
4227	52.5	
4228	52.5	
4229	52.5	
4230	52.6	
4231	52.5	
4232	52.7	
4233	52.6	
4234	52.6	
4235	52.6	
4236	52.5	
4237	52.6	
4238	52.6	
4239	52.6	
4240	52.6	
4241	52.6	
4242	52.7	
4243	52.7	
4244	52.7	
4245	52.7	
4246	52.7	
4247	52.7	
4248	52.7	
4249	52.7	
4250	52.7	
4251	52.8	
4252	52.8	
4253	52.8	
4254	52.8	
4255	52.8	
4256	52.8	
4257	52.9	
4258	52.8	
4259	52.8	
4260	52.9	
4261	52.9	
4262	52.9	
4263	52.9	
4264	52.9	
4265	52.9	
4266	52.9	
4267	53.0	
4268	53.0	
4269	53.0	
4270	53.0	
4271	53.0	
4272	52.9	
4273	53.1	
4274	53.0	
4275	53.0	
4276	53.0	
4277	53.1	
4278	53.1	
4279	53.1	
4280	53.1	
4281	53.1	
4282	53.2	
4283	53.2	
4284	53.2	
4285	53.2	
4286	53.2	
4287	53.2	
4288	53.2	
4289	53.2	
4290	53.2	
4291	53.2	
4292	53.3	
4293	53.3	
4294	53.3	
4295	53.3	
4296	53.3	
4297	53.3	
4298	53.5	
4299	53.4	
4300	53.4	
4301	53.5	
4302	53.4	
4303	53.4	
4304	53.4	
4305	53.5	
4306	53.4	
4307	53.4	
4308	53.4	
4309	53.5	
4310	53.5	
4311	53.5	
4312	53.4	
4313	53.6	
4314	53.5	
4315	53.5	
4316	53.6	
4317	53.5	
4318	53.6	
4319	53.6	
4320	53.7	
4321	53.7	
4322	53.7	
4323	53.8	
4324	53.7	
4325	53.6	
4326	53.6	
4327	53.7	
4328	53.8	
4329	53.8	
4330	53.9	
4331	53.8	
4332	53.8	
4333	53.9	
4334	53.9	
4335	53.8	
4336	53.9	
4337	53.8	
4338	53.8	
4339	53.8	
4340	53.9	
4341	53.9	
4342	53.9	
4343	53.9	
4344	53.9	
4345	53.9	
4346	53.9	
4347	53.9	
4348	53.9	
4349	54.0	
4350	54.0	
4351	54.0	
4352	54.0	
4353	54.0	
4354	54.0	
4355	54.0	
4356	54.0	
4357	54.1	
4358	54.0	
4359	54.1	
4360	54.1	
4361	54.1	
4362	54.1	
4363	54.1	
4364	54.2	
4365	54.2	
4366	54.2	
4367	54.2	
4368	54.2	
4369	54.2	
4370	54.1	
4371	54.3	
4372	54.2	
4373	54.2	
4374	54.2	
4375	54.4	
4376	54.2	
4377	54.2	
4378	54.3	
4379	54.3	
4380	54.3	
4381	54.3	
4382	54.3	
4383	54.3	
4384	54.3	
4385	54.4	
4386	54.4	
4387	54.5	
4388	54.5	
4389	54.5	
4390	54.5	
4391	54.5	
4392	54.5	
4393	54.5	
4394	54.5	
4395	54.5	
4396	54.5	
4397	54.6	
4398	54.6	
4399	54.6	
4400	54.6	
4401	54.6	
4402	54.6	
4403	54.6	
4404	54.6	
4405	54.7	
4406	54.6	
4407	54.7	
4408	54.7	
4409	54.7	
4410	54.7	
4411	54.7	
4412	54.8	
4413	54.8	
4414	54.8	
4415	54.9	
4416	54.8	
4417	54.8	
4418	54.8	
4419	55.0	
4420	54.9	
4421	54.9	
4422	54.9	
4423	54.9	
4424	54.9	
4425	54.9	
4426	54.9	
4427	55.1	
4428	55.0	
4429	55.0	
4430	55.0	
4431	55.0	
4432	55.0	
4433	55.0	
4434	55.0	
4435	55.0	
4436	55.0	
4437	55.0	
4438	55.0	
4439	55.1	
4440	55.1	
4441	55.1	
4442	55.1	
4443	55.1	
4444	55.1	
4445	55.1	
4446	55.1	
4447	55.1	
4448	55.3	
4449	55.3	
4450	55.3	
4451	55.2	
4452	55.2	
4453	55.1	
4454	55.2	
4455	55.2	
4456	55.2	
4457	55.2	
4458	55.3	
4459	55.2	
4460	55.3	
4461	55.3	
4462	55.3	
4463	55.3	
4464	55.3	
4465	55.3	
4466	55.4	
4467	55.4	
4468	55.4	
4469	55.4	
4470	55.4	
4471	55.4	
4472	55.4	
4473	55.5	
4474	55.5	
4475	55.5	
4476	55.5	
4477	55.5	
4478	55.5	
4479	55.6	
4480	55.6	
4481	55.6	
4482	55.6	
4483	55.6	
4484	55.6	
4485	55.7	
4486	55.7	
4487	55.6	
4488	55.7	
4489	55.7	
4490	55.7	
4491	55.7	
4492	55.7	
4493	55.8	
4494	55.8	
4495	55.7	
4496	55.7	
4497	55.9	
4498	55.7	
4499	55.9	
4500	55.8	
4501	55.8	
4502	55.8	
4503	56.0	
4504	55.9	
4505	55.8	
4506	55.8	
4507	55.9	
4508	55.9	
4509	55.9	
4510	55.9	
4511	56.0	
4512	55.9	
4513	55.9	
4514	56.0	
4515	55.9	
4516	56.0	
4517	56.0	
4518	56.1	
4519	56.0	
4520	56.1	
4521	56.1	
4522	56.1	
4523	56.1	
4524	56.1	
4525	56.1	
4526	56.2	
4527	56.1	
4528	56.3	
4529	56.1	
4530	56.2	
4531	56.2	
4532	56.3	
4533	56.3	
4534	56.2	
4535	56.2	
4536	56.2	
4537	56.3	
4538	56.3	
4539	56.3	
4540	56.3	
4541	56.3	
4542	56.3	
4543	56.3	
4544	56.3	
4545	56.3	
4546	56.3	
4547	56.3	
4548	56.4	
4549	56.4	
4550	56.4	
4551	56.4	
4552	56.4	
4553	56.4	
4554	56.4	
4555	56.4	
4556	56.4	
4557	56.4	
4558	56.5	
4559	56.5	
4560	56.5	
4561	56.5	
4562	56.5	
4563	56.5	
4564	56.5	
4565	56.5	
4566	56.5	
4567	56.5	
4568	56.6	
4569	56.6	
4570	56.6	
4571	56.8	
4572	56.7	
4573	56.6	
4574	56.6	
4575	56.6	
4576	56.6	
4577	56.6	
4578	56.7	
4579	56.8	
4580	56.7	
4581	56.7	
4582	56.7	
4583	56.7	
4584	56.7	
4585	56.8	
4586	56.8	
4587	56.8	
4588	56.8	
4589	56.8	
4590	56.8	
4591	56.8	
4592	56.8	
4593	56.8	
4594	56.8	
4595	56.8	
4596	56.8	
4597	56.9	
4598	56.8	
4599	56.9	
4600	56.9	
4601	56.9	
4602	56.9	
4603	56.9	
4604	56.9	
4605	56.9	
4606	57.0	
4607	57.0	
4608	57.0	
4609	57.0	
4610	57.0	
4611	57.0	
4612	57.1	
4613	57.2	
4614	57.1	
4615	57.1	
4616	57.2	
4617	57.3	
4618	57.2	
4619	57.2	
4620	57.1	
4621	57.3	
4622	57.3	
4623	57.1	
4624	57.2	
4625	57.1	
4626	57.1	
4627	57.1	
4628	57.1	
4629	57.2	
4630	57.3	
4631	57.3	
4632	57.2	
4633	57.3	
4634	57.2	
4635	57.3	
4636	57.3	
4637	57.4	
4638	57.3	
4639	57.5	
4640	57.4	
4641	57.4	
4642	57.5	
4643	57.4	
4644	57.4	
4645	57.4	
4646	57.4	
4647	57.5	
4648	57.5	
4649	57.5	
4650	57.5	
4651	57.6	
4652	57.5	
4653	57.6	
4654	57.6	
4655	57.5	
4656	57.6	
4657	57.6	
4658	57.6	
4659	57.6	
4660	57.6	
4661	57.6	
4662	57.6	
4663	57.6	
4664	57.6	
4665	57.6	
4666	57.6	
4667	57.6	
4668	57.7	
4669	57.7	
4670	57.7	
4671	57.7	
4672	57.7	
4673	57.7	
4674	57.7	
4675	57.7	
4676	57.7	
4677	57.7	
4678	58.0	
4679	57.7	
4680	57.9	
4681	57.8	
4682	57.8	
4683	57.9	
4684	57.9	
4685	57.8	
4686	57.8	
4687	57.8	
4688	57.9	
4689	57.9	
4690	57.9	
4691	57.9	
4692	57.9	
4693	57.9	
4694	57.9	
4695	57.9	
4696	57.9	
4697	58.0	
4698	58.0	
4699	58.0	
4700	58.0	
4701	58.0	
4702	58.0	
4703	58.0	
4704	58.0	
4705	58.0	
4706	58.0	
4707	58.1	
4708	58.1	
4709	58.1	
4710	58.1	
4711	58.1	
4712	58.1	
4713	58.1	
4714	58.1	
4715	58.1	
4716	58.1	
4717	58.2	
4718	58.2	
4719	58.2	
4720	58.2	
4721	58.2	
4722	58.2	
4723	58.2	
4724	58.2	
4725	58.3	
4726	58.3	
4727	58.3	
4728	58.3	
4729	58.3	
4730	58.3	
4731	58.3	
4732	58.3	
4733	58.4	
4734	58.4	
4735	58.5	
4736	58.4	
4737	58.4	
4738	58.4	
4739	58.4	
4740	58.4	
4741	58.5	
4742	58.5	
4743	58.4	
4744	58.5	
4745	58.5	
4746	58.5	
4747	58.5	
4748	58.5	
4749	58.5	
4750	58.5	
4751	58.5	
4752	58.5	
4753	58.5	
4754	58.6	
4755	58.6	
4756	58.6	
4757	58.6	
4758	58.6	
4759	58.6	
4760	58.6	
4761	58.6	
4762	58.7	
4763	58.6	
4764	58.7	
4765	58.6	
4766	58.7	
4767	58.7	
4768	58.7	
4769	58.7	
4770	58.6	
4771	58.7	
4772	58.7	
4773	58.7	
4774	58.7	
4775	58.7	
4776	58.8	
4777	58.8	
4778	58.8	
4779	58.8	
4780	58.8	
4781	58.8	
4782	58.9	
4783	58.8	
4784	58.8	
4785	58.9	
4786	59.0	
4787	59.0	
4788	58.9	
4789	58.8	
4790	58.9	
4791	58.9	
4792	59.0	
4793	59.1	
4794	59.3	
4795	59.0	
4796	59.0	
4797	59.0	
4798	59.0	
4799	59.0	
4800	59.0	
4801	59.0	
4802	59.0	
4803	59.0	
4804	59.0	
4805	59.0	
4806	59.1	
4807	59.1	
4808	59.1	
4809	59.0	
4810	59.1	
4811	59.3	
4812	59.2	
4813	59.0	
4814	59.2	
4815	59.2	
4816	59.2	
4817	59.2	
4818	59.2	
4819	59.2	
4820	59.2	
4821	59.2	
4822	59.4	
4823	59.2	
4824	59.3	
4825	59.3	
4826	59.3	
4827	59.3	
4828	59.2	
4829	59.3	
4830	59.3	
4831	59.3	
4832	59.3	
4833	59.3	
4834	59.3	
4835	59.3	
4836	59.3	
4837	59.4	
4838	59.3	
4839	59.4	
4840	59.4	
4841	59.4	
4842	59.5	
4843	59.4	
4844	59.5	
4845	59.5	
4846	59.5	
4847	59.5	
4848	59.5	
4849	59.4	
4850	59.5	
4851	59.5	
4852	59.5	
4853	59.7	
4854	59.6	
4855	59.5	
4856	59.5	
4857	59.6	
4858	59.6	
4859	59.7	
4860	59.6	
4861	59.6	
4862	59.7	
4863	59.7	
4864	59.7	
4865	59.7	
4866	59.7	
4867	59.7	
4868	59.7	
4869	59.7	
4870	59.7	
4871	59.7	
4872	59.7	
4873	59.7	
4874	59.7	
4875	59.8	
4876	59.7	
4877	59.8	
4878	59.8	
4879	59.8	
4880	59.8	
4881	59.8	
4882	59.8	
4883	59.8	
4884	59.8	
4885	59.8	
4886	59.9	
4887	59.9	
4888	59.9	
4889	59.9	
4890	59.9	
4891	59.9	
4892	60.0	
4893	59.9	
4894	59.9	
4895	60.0	
4896	59.9	
4897	59.9	
4898	60.0	
4899	60.0	
4900	60.0	
4901	60.0	
4902	60.1	
4903	60.0	
4904	60.0	
4905	60.0	
4906	60.1	
4907	60.0	
4908	60.0	
4909	60.1	
4910	60.1	
4911	60.1	
4912	60.1	
4913	60.1	
4914	60.1	
4915	60.1	
4916	60.2	
4917	60.1	
4918	60.2	
4919	60.2	
4920	60.2	
4921	60.2	
4922	60.2	
4923	60.2	
4924	60.2	
4925	60.3	
4926	60.3	
4927	60.3	
4928	60.2	
4929	60.4	
4930	60.3	
4931	60.2	
4932	60.3	
4933	60.3	
4934	60.3	
4935	60.4	
4936	60.4	
4937	60.4	
4938	60.4	
4939	60.4	
4940	60.5	
4941	60.5	
4942	60.4	
4943	60.4	
4944	60.4	
4945	60.4	
4946	60.4	
4947	60.4	
4948	60.4	
4949	60.5	
4950	60.5	
4951	60.5	
4952	60.5	
4953	60.5	
4954	60.6	
4955	60.6	
4956	60.6	
4957	60.6	
4958	60.6	
4959	60.6	
4960	60.6	
4961	60.6	
4962	60.6	
4963	60.6	
4964	60.6	
4965	60.7	
4966	60.7	
4967	60.7	
4968	60.8	
4969	60.7	
4970	60.7	
4971	60.7	
4972	60.7	
4973	60.7	
4974	60.7	
4975	60.7	
4976	60.7	
4977	60.8	
4978	60.8	
4979	60.8	
4980	60.8	
4981	60.8	
4982	60.8	
4983	60.8	
4984	60.8	
4985	60.8	
4986	60.8	
4987	60.8	
4988	60.8	
4989	60.9	
4990	60.9	
4991	60.9	
4992	60.9	
4993	60.9	
4994	60.8	
4995	61.0	
4996	61.0	
4997	60.9	
4998	61.0	
4999	61.0	
5000	61.0	
5001	61.0	
5002	61.0	
5003	61.0	
5004	61.0	
5005	61.1	
5006	61.0	
5007	61.0	
5008	61.1	
5009	61.1	
5010	61.1	
5011	61.1	
5012	61.1	
5013	61.1	
5014	61.1	
5015	61.1	
5016	61.2	
5017	61.2	
5018	61.3	
5019	61.3	
5020	61.3	
5021	61.3	
5022	61.3	
5023	61.3	
5024	61.3	
5025	61.3	
5026	61.3	
5027	61.4	
5028	61.3	
5029	61.3	
5030	61.3	
5031	61.4	
5032	61.3	
5033	61.3	
5034	61.4	
5035	61.3	
5036	61.5	
5037	61.4	
5038	61.4	
5039	61.3	
5040	61.4	
5041	61.4	
5042	61.4	
5043	61.4	
5044	61.5	
5045	61.5	
5046	61.5	
5047	61.5	
5048	61.5	
5049	61.5	
5050	61.5	
5051	61.5	
5052	61.5	
5053	61.5	
5054	61.6	
5055	61.5	
5056	61.6	
5057	61.6	
5058	61.6	
5059	61.6	
5060	61.6	
5061	61.6	
5062	61.6	
5063	61.6	
5064	61.7	
5065	61.7	
5066	61.7	
5067	61.7	
5068	61.7	
5069	61.7	
5070	61.7	
5071	61.7	
5072	61.7	
5073	61.7	
5074	61.7	
5075	61.7	
5076	61.8	
5077	61.8	
5078	61.8	
5079	61.8	
5080	61.8	
5081	61.8	
5082	61.8	
5083	61.8	
5084	61.9	
5085	61.9	
5086	62.0	
5087	62.0	
5088	62.0	
5089	61.9	
5090	61.9	
5091	62.0	
5092	61.9	
5093	62.0	
5094	62.0	
5095	62.0	
5096	62.0	
5097	62.0	
5098	62.0	
5099	62.0	
5100	62.0	
5101	62.0	
5102	62.1	
5103	62.1	
5104	62.1	
5105	62.1	
5106	62.1	
5107	62.2	
5108	62.2	
5109	62.2	
5110	62.2	
5111	62.2	
5112	62.3	
5113	62.3	
5114	62.3	
5115	62.2	
5116	62.2	
5117	62.2	
5118	62.2	
5119	62.2	
5120	62.3	
5121	62.3	
5122	62.2	
5123	62.2	
5124	62.3	
5125	62.3	
5126	62.3	
5127	62.3	
5128	62.3	
5129	62.3	
5130	62.3	
5131	62.3	
5132	62.4	
5133	62.4	
5134	62.4	
5135	62.3	
5136	62.4	
5137	62.4	
5138	62.3	
5139	62.5	
5140	62.4	
5141	62.5	
5142	62.5	
5143	62.6	
5144	62.5	
5145	62.5	
5146	62.5	
5147	62.5	
5148	62.5	
5149	62.5	
5150	62.5	
5151	62.6	
5152	62.6	
5153	62.6	
5154	62.6	
5155	62.6	
5156	62.6	
5157	62.6	
5158	62.6	
5159	62.6	
5160	62.6	
5161	62.7	
5162	62.7	
5163	62.7	
5164	62.7	
5165	62.7	
5166	62.7	
5167	62.7	
5168	62.8	
5169	62.8	
5170	62.8	
5171	62.8	
5172	62.8	
5173	62.7	
5174	62.8	
5175	62.7	
5176	62.8	
5177	62.8	
5178	62.9	
5179	62.8	
5180	62.8	
5181	63.0	
5182	62.9	
5183	62.9	
5184	62.9	
5185	62.8	
5186	63.0	
5187	63.0	
5188	63.0	
5189	63.0	
5190	63.0	
5191	63.0	
5192	63.0	
5193	63.0	
5194	63.0	
5195	63.0	
5196	63.0	
5197	63.0	
5198	63.0	
5199	63.1	
5200	63.1	
5201	63.1	
5202	63.1	
5203	63.1	
5204	63.1	
5205	63.1	
5206	63.1	
5207	63.1	
5208	63.1	
5209	63.1	
5210	63.1	
5211	63.1	
5212	63.3	
5213	63.2	
5214	63.2	
5215	63.2	
5216	63.2	
5217	63.2	
5218	63.3	
5219	63.3	
5220	63.3	
5221	63.3	
5222	63.3	
5223	63.3	
5224	63.3	
5225	63.3	
5226	63.3	
5227	63.3	
5228	63.3	
5229	63.4	
5230	63.3	
5231	63.4	
5232	63.4	
5233	63.4	
5234	63.4	
5235	63.4	
5236	63.4	
5237	63.5	
5238	63.5	
5239	63.5	
5240	63.5	
5241	63.5	
5242	63.6	
5243	63.5	
5244	63.6	
5245	63.5	
5246	63.6	
5247	63.5	
5248	63.6	
5249	63.5	
5250	63.6	
5251	63.6	
5252	63.6	
5253	63.6	
5254	63.6	
5255	63.6	
5256	63.6	
5257	63.7	
5258	63.7	
5259	63.6	
5260	63.6	
5261	63.7	
5262	63.6	
5263	63.6	
5264	63.7	
5265	63.7	
5266	63.7	
5267	63.7	
5268	63.6	
5269	63.7	
5270	63.8	
5271	63.9	
5272	63.8	
5273	63.8	
5274	63.7	
5275	63.8	
5276	63.8	
5277	63.8	
5278	63.9	
5279	63.9	
5280	63.9	
5281	63.9	
5282	63.9	
5283	63.9	
5284	63.9	
5285	63.9	
5286	63.9	
5287	63.9	
5288	64.0	
5289	64.0	
5290	64.0	
5291	64.0	
5292	64.0	
5293	64.0	
5294	64.1	
5295	64.1	
5296	64.1	
5297	64.1	
5298	64.1	
5299	64.1	
5300	64.1	
5301	64.1	
5302	64.1	
5303	64.1	
5304	64.1	
5305	64.1	
5306	64.1	
5307	64.1	
5308	64.1	
5309	64.1	
5310	64.2	
5311	64.2	
5312	64.2	
5313	64.2	
5314	64.2	
5315	64.1	
5316	64.2	
5317	64.3	
5318	64.2	
5319	64.2	
5320	64.3	
5321	64.3	
5322	64.2	
5323	64.3	
5324	64.3	
5325	64.3	
5326	64.3	
5327	64.3	
5328	64.3	
5329	64.4	
5330	64.4	
5331	64.4	
5332	64.4	
5333	64.4	
5334	64.5	
5335	64.4	
5336	64.5	
5337	64.5	
5338	64.4	
5339	64.4	
5340	64.4	
5341	64.4	
5342	64.5	
5343	64.5	
5344	64.5	
5345	64.5	
5346	64.5	
5347	64.5	
5348	64.6	
5349	64.6	
5350	64.6	
5351	64.6	
5352	64.6	
5353	64.6	
5354	64.6	
5355	64.6	
5356	64.6	
5357	64.6	
5358	64.6	
5359	64.7	
5360	64.8	
5361	64.7	
5362	64.6	
5363	64.8	
5364	64.8	
5365	64.8	
5366	64.8	
5367	64.9	
5368	64.6	
5369	64.9	
5370	64.9	
5371	64.9	
5372	64.9	
5373	64.9	
5374	64.9	
5375	64.9	
5376	64.9	
5377	64.9	
5378	64.9	
5379	64.9	
5380	64.9	
5381	64.9	
5382	64.9	
5383	64.9	
5384	65.0	
5385	65.0	
5386	65.0	
5387	65.0	
5388	65.0	
5389	65.0	
5390	65.0	
5391	65.0	
5392	65.0	
5393	65.1	
5394	65.1	
5395	65.1	
5396	65.1	
5397	65.1	
5398	65.1	
5399	65.1	
5400	65.1	
5401	65.1	
5402	65.1	
5403	65.2	
5404	65.2	
5405	65.1	
5406	65.1	
5407	65.2	
5408	65.2	
5409	65.1	
5410	65.2	
5411	65.2	
5412	65.3	
5413	65.3	
5414	65.3	
5415	65.2	
5416	65.2	
5417	65.3	
5418	65.3	
5419	65.3	
5420	65.3	
5421	65.3	
5422	65.3	
5423	65.3	
5424	65.3	
5425	65.3	
5426	65.3	
5427	65.4	
5428	65.3	
5429	65.3	
5430	65.4	
5431	65.4	
5432	65.4	
5433	65.4	
5434	65.4	
5435	65.4	
5436	65.4	
5437	65.6	
5438	65.5	
5439	65.5	
5440	65.4	
5441	65.5	
5442	65.5	
5443	65.6	
5444	65.5	
5445	65.5	
5446	65.5	
5447	65.5	
5448	65.5	
5449	65.6	
5450	65.6	
5451	65.6	
5452	65.6	
5453	65.7	
5454	65.7	
5455	65.7	
5456	65.7	
5457	65.6	
5458	65.6	
5459	65.7	
5460	65.7	
5461	65.7	
5462	65.7	
5463	65.7	
5464	65.7	
5465	65.7	
5466	65.7	
5467	65.7	
5468	65.7	
5469	65.7	
5470	65.7	
5471	65.8	
5472	65.9	
5473	65.8	
5474	65.8	
5475	65.8	
5476	65.9	
5477	65.9	
5478	65.9	
5479	65.9	
5480	65.9	
5481	65.9	
5482	66.0	
5483	66.0	
5484	66.0	
5485	66.0	
5486	66.0	
5487	66.0	
5488	66.0	
5489	66.0	
5490	66.1	
5491	66.1	
5492	66.0	
5493	66.1	
5494	66.1	
5495	66.0	
5496	66.1	
5497	66.0	
5498	66.0	
5499	66.1	
5500	66.1	
5501	66.2	
5502	66.2	
5503	66.2	
5504	66.2	
5505	66.2	
5506	66.2	
5507	66.2	
5508	66.2	
5509	66.2	
5510	66.2	
5511	66.2	
5512	66.2	
5513	66.3	
5514	66.2	
5515	66.3	
5516	66.3	
5517	66.4	
5518	66.3	
5519	66.3	
5520	66.3	
5521	66.4	
5522	66.3	
5523	66.4	
5524	66.4	
5525	66.4	
5526	66.4	
5527	66.4	
5528	66.4	
5529	66.4	
5530	66.4	
5531	66.5	
5532	66.5	
5533	66.5	
5534	66.5	
5535	66.5	
5536	66.5	
5537	66.5	
5538	66.5	
5539	66.7	
5540	66.7	
5541	66.6	
5542	66.7	
5543	66.6	
5544	66.6	
5545	66.6	
5546	66.6	
5547	66.5	
5548	66.6	
5549	66.7	
5550	66.7	
5551	66.7	
5552	66.7	
5553	66.7	
5554	66.7	
5555	66.7	
5556	66.7	
5557	66.8	
5558	66.7	
5559	66.7	
5560	66.7	
5561	66.7	
5562	66.8	
5563	66.9	
5564	66.8	
5565	66.9	
5566	67.3	
5567	66.8	
5568	66.8	
5569	66.9	
5570	66.8	
5571	66.9	
5572	66.9	
5573	66.9	
5574	66.9	
5575	67.0	
5576	66.9	
5577	67.0	
5578	67.0	
5579	67.0	
5580	67.0	
5581	67.0	
5582	67.1	
5583	67.0	
5584	67.1	
5585	67.1	
5586	67.0	
5587	67.1	
5588	67.1	
5589	67.2	
5590	67.0	
5591	67.1	
5592	67.0	
5593	67.0	
5594	67.0	
5595	67.2	
5596	67.2	
5597	67.2	
5598	67.2	
5599	67.2	
5600	67.3	
5601	67.2	
5602	67.2	
5603	67.3	
5604	67.3	
5605	67.3	
5606	67.3	
5607	67.3	
5608	67.3	
5609	67.3	
5610	67.3	
5611	67.3	
5612	67.3	
5613	67.3	
5614	67.3	
5615	67.3	
5616	67.4	
5617	67.4	
5618	67.4	
5619	67.4	
5620	67.4	
5621	67.4	
5622	67.4	
5623	67.4	
5624	67.5	
5625	67.5	
5626	67.5	
5627	67.5	
5628	67.5	
5629	67.5	
5630	67.5	
5631	67.5	
5632	67.6	
5633	67.6	
5634	67.6	
5635	67.6	
5636	67.6	
5637	67.7	
5638	67.7	
5639	67.7	
5640	67.7	
5641	67.7	
5642	67.7	
5643	67.7	
5644	67.7	
5645	67.7	
5646	67.7	
5647	67.7	
5648	67.7	
5649	67.7	
5650	67.8	
5651	67.7	
5652	67.8	
5653	67.8	
5654	67.8	
5655	67.8	
5656	67.8	
5657	67.8	
5658	67.9	
5659	67.8	
5660	67.9	
5661	68.0	
5662	68.0	
5663	67.9	
5664	68.0	
5665	68.0	
5666	68.0	
5667	68.0	
5668	68.0	
5669	68.0	
5670	68.0	
5671	68.0	
5672	68.0	
5673	68.0	
5674	68.1	
5675	68.2	
5676	68.2	
5677	68.2	
5678	68.2	
5679	68.1	
5680	68.2	
5681	68.1	
5682	68.1	
5683	68.2	
5684	68.2	
5685	68.2	
5686	68.2	
5687	68.2	
5688	68.2	
5689	68.2	
5690	68.2	
5691	68.2	
5692	68.2	
5693	68.3	
5694	68.2	
5695	68.2	
5696	68.4	
5697	68.3	
5698	68.4	
5699	68.4	
5700	68.4	
5701	68.4	
5702	68.4	
5703	68.4	
5704	68.4	
5705	68.4	
5706	68.4	
5707	68.4	
5708	68.4	
5709	68.6	
5710	68.5	
5711	68.5	
5712	68.5	
5713	68.5	
5714	68.5	
5715	68.5	
5716	68.5	
5717	68.6	
5718	68.6	
5719	68.6	
5720	68.6	
5721	68.6	
5722	68.6	
5723	68.6	
5724	68.6	
5725	68.7	
5726	68.8	
5727	68.7	
5728	68.7	
5729	68.7	
5730	68.7	
5731	68.7	
5732	68.8	
5733	68.8	
5734	68.7	
5735	68.8	
5736	68.8	
5737	68.8	
5738	68.8	
5739	68.9	
5740	68.8	
5741	68.8	
5742	68.8	
5743	68.8	
5744	68.8	
5745	68.8	
5746	68.8	
5747	68.8	
5748	68.9	
5749	68.9	
5750	68.9	
5751	68.9	
5752	68.9	
5753	68.8	
5754	68.9	
5755	69.0	
5756	68.9	
5757	68.9	
5758	69.1	
5759	69.0	
5760	69.0	
5761	69.0	
5762	69.0	
5763	69.1	
5764	69.1	
5765	69.1	
5766	69.1	
5767	69.1	
5768	69.1	
5769	69.1	
5770	69.1	
5771	69.2	
5772	69.1	
5773	69.2	
5774	69.2	
5775	69.1	
5776	69.2	
5777	69.2	
5778	69.2	
5779	69.2	
5780	69.2	
5781	69.2	
5782	69.3	
5783	69.3	
5784	69.3	
5785	69.3	
5786	69.3	
5787	69.3	
5788	69.3	
5789	69.3	
5790	69.4	
5791	69.3	
5792	69.3	
5793	69.4	
5794	69.4	
5795	69.3	
5796	69.3	
5797	69.4	
5798	69.4	
5799	69.5	
5800	69.4	
5801	69.4	
5802	69.5	
5803	69.5	
5804	69.6	
5805	69.5	
5806	69.5	
5807	69.5	
5808	69.5	
5809	69.5	
5810	69.5	
5811	69.6	
5812	69.6	
5813	69.7	
5814	69.7	
5815	69.7	
5816	69.7	
5817	69.7	
5818	69.7	
5819	69.6	
5820	69.6	
5821	69.7	
5822	69.7	
5823	69.7	
5824	69.7	
5825	69.7	
5826	69.7	
5827	69.7	
5828	69.8	
5829	69.7	
5830	69.8	
5831	69.7	
5832	69.7	
5833	69.7	
5834	69.9	
5835	69.9	
5836	69.8	
5837	69.8	
5838	69.8	
5839	69.8	
5840	69.8	
5841	69.9	
5842	69.9	
5843	69.9	
5844	69.9	
5845	69.9	
5846	70.0	
5847	70.0	
5848	70.1	
5849	69.9	
5850	70.1	
5851	70.0	
5852	70.0	
5853	70.1	
5854	70.1	
5855	70.0	
5856	70.1	
5857	70.1	
5858	70.1	
5859	70.1	
5860	70.1	
5861	70.1	
5862	70.1	
5863	70.0	
5864	70.1	
5865	70.1	
5866	70.2	
5867	70.2	
5868	70.2	
5869	70.2	
5870	70.2	
5871	70.2	
5872	70.3	
5873	70.2	
5874	70.3	
5875	70.2	
5876	70.2	
5877	70.4	
5878	70.3	
5879	70.4	
5880	70.3	
5881	70.3	
5882	70.4	
5883	70.4	
5884	70.4	
5885	70.5	
5886	70.5	
5887	70.4	
5888	70.4	
5889	70.4	
5890	70.5	
5891	70.5	
5892	70.6	
5893	70.5	
5894	70.5	
5895	70.5	
5896	70.5	
5897	70.5	
5898	70.6	
5899	70.6	
5900	70.6	
5901	70.6	
5902	70.6	
5903	70.6	
5904	70.6	
5905	70.6	
5906	70.7	
5907	70.7	
5908	70.6	
5909	70.7	
5910	70.7	
5911	70.7	
5912	70.7	
5913	70.8	
5914	70.7	
5915	70.8	
5916	70.7	
5917	70.7	
5918	70.7	
5919	70.7	
5920	70.8	
5921	70.8	
5922	70.8	
5923	70.9	
5924	70.8	
5925	70.8	
5926	70.9	
5927	70.8	
5928	70.9	
5929	70.9	
5930	70.9	
5931	70.9	
5932	71.0	
5933	71.0	
5934	70.9	
5935	71.0	
5936	71.0	
5937	71.0	
5938	71.0	
5939	71.0	
5940	71.0	
5941	71.0	
5942	71.0	
5943	71.0	
5944	71.0	
5945	71.1	
5946	71.0	
5947	71.1	
5948	71.0	
5949	71.1	
5950	71.1	
5951	71.1	
5952	71.1	
5953	71.0	
5954	71.1	
5955	71.2	
5956	71.2	
5957	71.2	
5958	71.2	
5959	71.1	
5960	71.1	
5961	71.3	
5962	71.2	
5963	71.3	
5964	71.2	
5965	71.2	
5966	71.2	
5967	71.3	
5968	71.3	
5969	71.4	
5970	71.3	
5971	71.3	
5972	71.3	
5973	71.3	
5974	71.4	
5975	71.4	
5976	71.4	
5977	71.3	
5978	71.4	
5979	71.4	
5980	71.4	
5981	71.4	
5982	71.6	
5983	71.6	
5984	71.6	
5985	71.5	
5986	71.5	
5987	71.5	
5988	71.5	
5989	71.5	
5990	71.5	
5991	71.5	
5992	71.6	
5993	71.6	
5994	71.5	
5995	71.5	
5996	71.6	
5997	71.6	
5998	71.6	
5999	71.6	
6000	71.6	
6001	71.6	
6002	71.7	
6003	71.7	
6004	71.7	
6005	71.7	
6006	71.7	
6007	71.7	
6008	71.7	
6009	71.7	
6010	71.7	
6011	71.7	
6012	71.8	
6013	71.8	
6014	71.8	
6015	71.8	
6016	71.9	
6017	71.8	
6018	71.8	
6019	71.9	
6020	71.8	
6021	71.9	
6022	71.9	
6023	71.9	
6024	71.9	
6025	71.9	
6026	71.8	
6027	71.8	
6028	71.9	
6029	71.9	
6030	71.9	
6031	71.9	
6032	71.9	
6033	72.0	
6034	71.9	
6035	72.0	
6036	72.0	
6037	72.0	
6038	72.0	
6039	72.1	
6040	72.0	
6041	72.0	
6042	72.0	
6043	72.0	
6044	72.1	
6045	72.1	
6046	72.1	
6047	72.1	
6048	72.3	
6049	72.1	
6050	72.2	
6051	72.1	
6052	72.1	
6053	72.2	
6054	72.2	
6055	72.1	
6056	72.3	
6057	72.1	
6058	72.1	
6059	72.2	
6060	72.1	
6061	72.2	
6062	72.3	
6063	72.2	
6064	72.3	
6065	72.3	
6066	72.3	
6067	72.2	
6068	72.2	
6069	72.3	
6070	72.6	
6071	72.3	
6072	72.3	
6073	72.3	
6074	72.3	
6075	72.3	
6076	72.4	
6077	72.4	
6078	72.3	
6079	72.4	
6080	72.4	
6081	72.4	
6082	72.4	
6083	72.5	
6084	72.5	
6085	72.4	
6086	72.5	
6087	72.4	
6088	72.4	
6089	72.5	
6090	72.5	
6091	72.5	
6092	72.5	
6093	72.5	
6094	72.7	
6095	72.7	
6096	72.5	
6097	72.6	
6098	72.7	
6099	72.7	
6100	72.6	
6101	72.6	
6102	72.6	
6103	72.6	
6104	72.6	
6105	72.7	
6106	72.7	
6107	72.7	
6108	72.7	
6109	72.6	
6110	72.7	
6111	72.7	
6112	72.7	
6113	72.7	
6114	72.8	
6115	72.7	
6116	72.7	
6117	72.7	
6118	72.7	
6119	72.7	
6120	72.7	
6121	72.8	
6122	72.8	
6123	72.8	
6124	72.8	
6125	72.8	
6126	72.7	
6127	72.8	
6128	72.8	
6129	72.8	
6130	72.8	
6131	72.9	
6132	72.8	
6133	72.9	
6134	72.8	
6135	72.9	
6136	72.9	
6137	72.9	
6138	72.9	
6139	72.9	
6140	72.9	
6141	72.9	
6142	73.0	
6143	72.9	
6144	73.0	
6145	72.9	
6146	73.0	
6147	73.0	
6148	73.1	
6149	73.0	
6150	73.1	
6151	73.0	
6152	73.0	
6153	73.0	
6154	73.0	
6155	73.0	
6156	73.1	
6157	73.1	
6158	73.1	
6159	73.1	
6160	73.2	
6161	73.1	
6162	73.1	
6163	73.1	
6164	73.1	
6165	73.2	
6166	73.1	
6167	73.1	
6168	73.1	
6169	73.2	
6170	73.1	
6171	73.3	
6172	73.2	
6173	73.2	
6174	73.2	
6175	73.2	
6176	73.3	
6177	73.3	
6178	73.2	
6179	73.3	
6180	73.3	
6181	73.3	
6182	73.3	
6183	73.3	
6184	73.3	
6185	73.4	
6186	73.4	
6187	73.4	
6188	73.5	
6189	73.4	
6190	73.3	
6191	73.3	
6192	73.4	
6193	73.4	
6194	73.4	
6195	73.3	
6196	73.5	
6197	73.4	
6198	73.5	
6199	73.5	
6200	73.5	
6201	73.5	
6202	73.5	
6203	73.5	
6204	73.5	
6205	73.5	
6206	73.5	
6207	73.5	
6208	73.6	
6209	73.5	
6210	73.5	
6211	73.6	
6212	73.5	
6213	73.5	
6214	73.6	
6215	73.5	
6216	73.6	
6217	73.6	
6218	73.6	
6219	73.6	
6220	73.6	
6221	73.6	
6222	73.7	
6223	73.7	
6224	73.7	
6225	73.6	
6226	73.7	
6227	73.7	
6228	73.7	
6229	73.7	
6230	73.7	
6231	73.7	
6232	73.7	
6233	73.7	
6234	73.8	
6235	73.7	
6236	73.8	
6237	73.8	
6238	73.8	
6239	73.8	
6240	73.8	
6241	73.9	
6242	73.9	
6243	73.8	
6244	73.8	
6245	73.9	
6246	73.9	
6247	73.9	
6248	73.9	
6249	73.8	
6250	73.9	
6251	73.9	
6252	73.9	
6253	73.9	
6254	73.9	
6255	73.9	
6256	73.9	
6257	73.9	
6258	74.0	
6259	73.9	
6260	74.0	
6261	73.9	
6262	73.9	
6263	74.0	
6264	74.0	
6265	73.9	
6266	74.0	
6267	74.0	
6268	74.0	
6269	74.0	
6270	74.1	
6271	74.0	
6272	74.1	
6273	74.0	
6274	74.0	
6275	74.1	
6276	74.1	
6277	74.1	
6278	74.1	
6279	74.1	
6280	74.1	
6281	74.1	
6282	74.1	
6283	74.2	
6284	74.1	
6285	74.3	
6286	74.1	
6287	74.2	
6288	74.3	
6289	74.2	
6290	74.2	
6291	74.2	
6292	74.2	
6293	74.1	
6294	74.2	
6295	74.2	
6296	74.2	
6297	74.2	
6298	74.2	
6299	74.2	
6300	74.3	
6301	74.3	
6302	74.3	
6303	74.3	
6304	74.3	
6305	74.4	
6306	74.3	
6307	74.3	
6308	74.3	
6309	74.3	
6310	74.4	
6311	74.4	
6312	74.3	
6313	74.5	
6314	74.4	
6315	74.4	
6316	74.5	
6317	74.5	
6318	74.6	
6319	74.6	
6320	74.5	
6321	74.5	
6322	74.5	
6323	74.5	
6324	74.5	
6325	74.5	
6326	74.5	
6327	74.5	
6328	74.6	
6329	74.6	
6330	74.5	
6331	74.5	
6332	74.5	
6333	74.6	
6334	74.6	
6335	74.6	
6336	74.6	
6337	74.6	
6338	74.6	
6339	74.7	
6340	74.6	
6341	74.6	
6342	74.6	
6343	74.6	
6344	74.6	
6345	74.6	
6346	74.6	
6347	74.6	
6348	74.6	
6349	74.7	
6350	74.7	
6351	74.5	
6352	74.6	
6353	74.8	
6354	74.7	
6355	74.7	
6356	74.7	
6357	74.7	
6358	74.7	
6359	74.8	
6360	74.7	
6361	74.8	
6362	74.8	
6363	74.8	
6364	74.8	
6365	74.7	
6366	74.8	
6367	74.8	
6368	74.8	
6369	74.9	
6370	74.8	
6371	74.9	
6372	74.9	
6373	74.8	
6374	74.8	
6375	74.8	
6376	74.9	
6377	74.8	
6378	74.9	
6379	74.8	
6380	75.0	
6381	74.9	
6382	74.9	
6383	74.9	
6384	74.9	
6385	75.0	
6386	74.9	
6387	74.9	
6388	74.9	
6389	75.0	
6390	74.9	
6391	75.0	
6392	74.9	
6393	75.0	
6394	75.0	
6395	75.1	
6396	75.0	
6397	75.0	
6398	75.0	
6399	75.1	
6400	75.0	
6401	75.0	
6402	75.0	
6403	75.0	
6404	75.1	
6405	75.0	
6406	75.0	
6407	75.0	
6408	75.1	
6409	75.0	
6410	75.1	
6411	75.1	
6412	75.1	
6413	75.1	
6414	75.1	
6415	75.1	
6416	75.1	
6417	75.2	
6418	75.2	
6419	75.1	
6420	75.1	
6421	75.2	
6422	75.1	
6423	75.2	
6424	75.2	
6425	75.2	
6426	75.2	
6427	75.2	
6428	75.3	
6429	75.2	
6430	75.2	
6431	75.2	
6432	75.2	
6433	75.3	
6434	75.3	
6435	75.3	
6436	75.3	
6437	75.3	
6438	75.3	
6439	75.3	
6440	75.3	
6441	75.3	
6442	75.3	
6443	75.3	
6444	75.3	
6445	75.3	
6446	75.3	
6447	75.3	
6448	75.4	
6449	75.5	
6450	75.4	
6451	75.5	
6452	75.4	
6453	75.4	
6454	75.4	
6455	75.5	
6456	75.4	
6457	75.5	
6458	75.3	
6459	75.6	
6460	75.5	
6461	75.4	
6462	75.4	
6463	75.4	
6464	75.5	
6465	75.6	
6466	75.6	
6467	75.5	
6468	75.5	
6469	75.5	
6470	75.5	
6471	75.5	
6472	75.5	
6473	75.5	
6474	75.6	
6475	75.6	
6476	75.6	
6477	75.5	
6478	75.5	
6479	75.6	
6480	75.6	
6481	75.6	
6482	75.6	
6483	75.6	
6484	75.6	
6485	75.7	
6486	75.6	
6487	75.6	
6488	75.6	
6489	75.7	
6490	75.7	
6491	75.6	
6492	75.7	
6493	75.7	
6494	75.7	
6495	75.7	
6496	75.7	
6497	75.7	
6498	75.6	
6499	75.7	
6500	75.8	
6501	75.8	
6502	75.8	
6503	75.7	
6504	75.8	
6505	75.8	
6506	75.8	
6507	75.8	
6508	75.8	
6509	75.8	
6510	75.8	
6511	75.8	
6512	75.8	
6513	75.8	
6514	75.8	
6515	75.8	
6516	75.8	
6517	75.8	
6518	75.8	
6519	75.8	
6520	75.8	
6521	75.8	
6522	75.8	
6523	75.9	
6524	75.9	
6525	75.9	
6526	75.9	
6527	75.9	
6528	75.9	
6529	75.9	
6530	75.9	
6531	76.0	
6532	75.9	
6533	75.9	
6534	76.0	
6535	75.9	
6536	75.9	
6537	76.0	
6538	76.0	
6539	76.0	
6540	76.0	
6541	76.0	
6542	76.0	
6543	76.0	
6544	76.0	
6545	76.0	
6546	76.0	
6547	76.0	
6548	76.1	
6549	76.1	
6550	76.0	
6551	76.0	
6552	76.1	
6553	76.1	
6554	76.0	
6555	76.1	
6556	76.0	
6557	76.1	
6558	76.1	
6559	76.1	
6560	76.1	
6561	76.1	
6562	76.1	
6563	76.1	
6564	76.2	
6565	76.2	
6566	76.1	
6567	76.2	
6568	76.3	
6569	76.2	
6570	76.2	
6571	76.3	
6572	76.4	
6573	76.2	
6574	76.3	
6575	76.3	
6576	76.2	
6577	76.3	
6578	76.3	
6579	76.3	
6580	76.3	
6581	76.3	
6582	76.3	
6583	76.3	
6584	76.3	
6585	76.3	
6586	76.3	
6587	76.3	
6588	76.3	
6589	76.3	
6590	76.3	
6591	76.3	
6592	76.3	
6593	76.3	
6594	76.3	
6595	76.3	
6596	76.3	
6597	76.3	
6598	76.3	
6599	76.4	
6600	76.4	
6601	76.3	
6602	76.4	
6603	76.4	
6604	76.4	
6605	76.4	
6606	76.4	
6607	76.4	
6608	76.4	
6609	76.4	
6610	76.5	
6611	76.5	
6612	76.5	
6613	76.5	
6614	76.5	
6615	76.5	
6616	76.6	
6617	76.5	
6618	76.5	
6619	76.5	
6620	76.6	
6621	76.7	
6622	76.5	
6623	76.5	
6624	76.5	
6625	76.6	
6626	76.7	
6627	76.5	
6628	76.5	
6629	76.7	
6630	76.5	
6631	76.6	
6632	76.7	
6633	76.6	
6634	76.5	
6635	76.6	
6636	76.6	
6637	76.6	
6638	76.6	
6639	76.6	
6640	76.6	
6641	76.7	
6642	76.7	
6643	76.6	
6644	76.6	
6645	76.6	
6646	76.7	
6647	76.7	
6648	76.7	
6649	76.7	
6650	76.7	
6651	76.7	
6652	76.8	
6653	76.7	
6654	76.8	
6655	76.7	
6656	76.8	
6657	76.7	
6658	76.9	
6659	76.7	
6660	76.7	
6661	76.7	
6662	76.9	
6663	76.7	
6664	76.9	
6665	76.9	
6666	76.9	
6667	76.9	
6668	76.9	
6669	76.9	
6670	76.9	
6671	76.9	
6672	77.0	
6673	77.4	
6674	77.1	
6675	76.9	
6676	76.7	
6677	76.9	
6678	76.9	
6679	77.0	
6680	76.9	
6681	77.0	
6682	76.9	
6683	76.9	
6684	77.0	
6685	77.0	
6686	77.0	
6687	77.0	
6688	77.0	
6689	77.0	
6690	77.0	
6691	76.9	
6692	76.9	
6693	77.0	
6694	77.0	
6695	77.1	
6696	77.0	
6697	77.0	
6698	77.0	
6699	77.0	
6700	77.0	
6701	77.0	
6702	77.1	
6703	77.1	
6704	77.1	
6705	77.0	
6706	77.1	
6707	77.1	
6708	77.1	
6709	77.1	
6710	77.1	
6711	77.1	
6712	77.1	
6713	77.1	
6714	77.1	
6715	77.1	
6716	77.1	
6717	77.2	
6718	77.1	
6719	77.2	
6720	77.2	
6721	77.2	
6722	77.1	
6723	77.1	
6724	77.2	
6725	77.1	
6726	77.1	
6727	77.1	
6728	77.2	
6729	77.2	
6730	77.2	
6731	77.1	
6732	77.1	
6733	77.2	
6734	77.2	
6735	77.2	
6736	77.2	
6737	77.2	
6738	77.3	
6739	77.2	
6740	77.2	
6741	77.2	
6742	77.3	
6743	77.2	
6744	77.2	
6745	77.3	
6746	77.2	
6747	77.3	
6748	77.4	
6749	77.3	
6750	77.3	
6751	77.2	
6752	77.3	
6753	77.3	
6754	77.4	
6755	77.3	
6756	77.4	
6757	77.3	
6758	77.4	
6759	77.5	
6760	77.4	
6761	77.3	
6762	77.3	
6763	77.3	
6764	77.4	
6765	77.4	
6766	77.2	
6767	77.4	
6768	77.3	
6769	77.4	
6770	77.4	
6771	77.5	
6772	77.5	
6773	77.3	
6774	77.5	
6775	77.5	
6776	77.5	
6777	77.4	
6778	77.4	
6779	77.4	
6780	77.5	
6781	77.5	
6782	77.4	
6783	77.5	
6784	77.5	
6785	77.4	
6786	77.5	
6787	77.5	
6788	77.4	
6789	77.5	
6790	77.5	
6791	77.4	
6792	77.5	
6793	77.5	
6794	77.5	
6795	77.5	
6796	77.5	
6797	77.6	
6798	77.5	
6799	77.5	
6800	77.6	
6801	77.6	
6802	77.5	
6803	77.5	
6804	77.6	
6805	77.5	
6806	77.5	
6807	77.6	
6808	77.6	
6809	77.6	
6810	77.6	
6811	77.6	
6812	77.6	
6813	77.6	
6814	77.6	
6815	77.6	
6816	77.8	
6817	77.8	
6818	77.6	
6819	77.8	
6820	77.8	
6821	77.7	
6822	77.6	
6823	77.6	
6824	77.7	
6825	77.6	
6826	77.6	
6827	77.6	
6828	77.6	
6829	77.6	
6830	77.6	
6831	77.6	
6832	77.6	
6833	77.8	
6834	77.8	
6835	77.7	
6836	77.6	
6837	77.7	
6838	77.7	
6839	77.7	
6840	77.8	
6841	77.8	
6842	77.8	
6843	77.7	
6844	77.8	
6845	77.7	
6846	77.7	
6847	77.8	
6848	77.8	
6849	77.8	
6850	77.8	
6851	77.8	
6852	77.8	
6853	77.8	
6854	77.8	
6855	77.6	
6856	77.8	
6857	77.8	
6858	77.8	
6859	77.9	
6860	77.7	
6861	77.9	
6862	77.8	
6863	77.8	
6864	77.8	
6865	77.9	
6866	77.9	
6867	77.9	
6868	77.9	
6869	77.8	
6870	77.9	
6871	77.9	
6872	78.0	
6873	77.9	
6874	77.9	
6875	77.9	
6876	77.9	
6877	77.9	
6878	77.9	
6879	77.9	
6880	77.9	
6881	77.9	
6882	78.0	
6883	77.9	
6884	78.0	
6885	78.0	
6886	77.9	
6887	78.0	
6888	78.0	
6889	78.0	
6890	78.0	
6891	78.0	
6892	78.1	
6893	78.0	
6894	78.1	
6895	78.0	
6896	78.0	
6897	78.0	
6898	77.9	
6899	78.0	
6900	78.1	
6901	78.0	
6902	78.0	
6903	78.0	
6904	78.0	
6905	78.0	
6906	78.0	
6907	78.0	
6908	78.1	
6909	78.0	
6910	78.0	
6911	78.1	
6912	78.0	
6913	78.0	
6914	78.0	
6915	78.0	
6916	78.1	
6917	78.0	
6918	78.0	
6919	78.0	
6920	78.1	
6921	78.0	
6922	78.1	
6923	78.0	
6924	78.0	
6925	78.1	
6926	78.1	
6927	78.2	
6928	78.1	
6929	78.0	
6930	78.1	
6931	78.1	
6932	78.1	
6933	78.1	
6934	78.1	
6935	78.2	
6936	78.3	
6937	78.0	
6938	78.2	
6939	78.1	
6940	78.3	
6941	78.3	
6942	78.3	
6943	78.2	
6944	78.2	
6945	78.2	
6946	78.2	
6947	78.1	
6948	78.2	
6949	78.3	
6950	78.3	
6951	78.2	
6952	78.2	
6953	78.2	
6954	78.3	
6955	78.2	
6956	78.3	
6957	78.3	
6958	78.3	
6959	78.3	
6960	78.3	
6961	78.3	
6962	78.3	
6963	78.4	
6964	78.4	
6965	78.3	
6966	78.3	
6967	78.3	
6968	78.3	
6969	78.3	
6970	78.1	
6971	78.3	
6972	78.3	
6973	78.4	
6974	78.4	
6975	78.3	
6976	78.4	
6977	78.4	
6978	78.3	
6979	78.4	
6980	78.4	
6981	78.3	
6982	78.3	
6983	78.3	
6984	78.4	
6985	78.4	
6986	78.3	
6987	78.3	
6988	78.3	
6989	78.4	
6990	78.3	
6991	78.4	
6992	78.4	
6993	78.4	
6994	78.3	
6995	78.4	
6996	78.4	
6997	78.4	
6998	78.4	
6999	78.4	
7000	78.4	
7001	78.5	
7002	78.4	
7003	78.4	
7004	78.4	
7005	78.5	
7006	78.4	
7007	78.4	
7008	78.4	
7009	78.6	
7010	78.4	
7011	78.6	
7012	78.5	
7013	78.5	
7014	78.5	
7015	78.6	
7016	78.5	
7017	78.5	
7018	78.5	
7019	78.5	
7020	78.5	
7021	78.6	
7022	78.5	
7023	78.5	
7024	78.5	
7025	78.4	
7026	78.5	
7027	78.5	
7028	78.7	
7029	78.4	
7030	78.7	
7031	78.6	
7032	78.7	
7033	78.6	
7034	78.5	
7035	78.6	
7036	78.6	
7037	78.7	
7038	78.5	
7039	78.5	
7040	78.6	
7041	78.6	
7042	78.5	
7043	78.7	
7044	78.6	
7045	78.6	
7046	78.6	
7047	78.7	
7048	78.7	
7049	78.6	
7050	78.6	
7051	78.5	
7052	78.6	
7053	78.6	
7054	78.6	
7055	78.7	
7056	78.7	
7057	78.6	
7058	78.6	
7059	78.7	
7060	78.7	
7061	78.7	
7062	78.7	
7063	78.7	
7064	78.6	
7065	78.7	
7066	78.6	
7067	78.7	
7068	78.7	
7069	78.7	
7070	78.7	
7071	78.7	
7072	78.7	
7073	78.7	
7074	78.7	
7075	78.8	
7076	78.7	
7077	78.6	
7078	78.7	
7079	78.7	
7080	78.8	
7081	78.7	
7082	78.7	
7083	78.7	
7084	78.7	
7085	78.7	
7086	78.7	
7087	78.8	
7088	78.7	
7089	78.7	
7090	78.7	
7091	78.7	
7092	78.7	
7093	78.7	
7094	78.8	
7095	78.8	
7096	78.8	
7097	78.7	
7098	78.8	
7099	78.7	
7100	78.8	
7101	78.8	
7102	78.8	
7103	78.8	
7104	78.8	
7105	78.9	
7106	78.8	
7107	78.8	
7108	78.8	
7109	78.8	
7110	78.8	
7111	78.8	
7112	78.8	
7113	78.8	
7114	78.8	
7115	78.8	
7116	79.0	
7117	78.8	
7118	78.8	
7119	78.8	
7120	78.8	
7121	78.9	
7122	78.9	
7123	79.0	
7124	78.9	
7125	79.0	
7126	78.9	
7127	78.9	
7128	78.9	
7129	79.0	
7130	79.0	
7131	79.0	
7132	79.0	
7133	78.9	
7134	78.9	
7135	78.9	
7136	78.9	
7137	79.0	
7138	78.9	
7139	78.9	
7140	78.9	
7141	78.9	
7142	79.0	
7143	79.0	
7144	78.9	
7145	79.0	
7146	79.0	
7147	79.0	
7148	79.0	
7149	78.9	
7150	79.0	
7151	79.0	
7152	79.0	
7153	79.0	
7154	79.0	
7155	79.0	
7156	79.0	
7157	79.0	
7158	79.0	
7159	79.0	
7160	79.0	
7161	79.0	
7162	79.0	
7163	79.1	
7164	79.0	
7165	79.0	
7166	79.1	
7167	79.0	
7168	79.0	
7169	79.1	
7170	79.0	
7171	79.0	
7172	79.0	
7173	79.1	
7174	79.1	
7175	79.1	
7176	79.1	
7177	79.1	
7178	79.1	
7179	79.1	
7180	79.1	
7181	79.0	
7182	79.2	
7183	79.1	
7184	79.1	
7185	79.1	
7186	79.1	
7187	79.1	
7188	79.1	
7189	79.2	
7190	79.1	
7191	79.1	
7192	79.1	
7193	79.2	
7194	79.2	
7195	79.2	
7196	79.1	
7197	79.2	
7198	79.1	
7199	79.2	
7200	79.1	
